11 11
0 0 0 0 0 0 0 0 0 0 0 
0 0.00132203 0.00246247 0.00330375 0.00380512 0.00396996 0.00380512 0.00330375 0.00246247 0.00132203 0 
0 0.00366273 0.00680343 0.00909939 0.0104559 0.0108996 0.0104559 0.00909939 0.00680343 0.00366273 0 
0 0.00850425 0.0157227 0.0209217 0.0239511 0.0249337 0.0239511 0.0209217 0.0157227 0.00850425 0 
0 0.0183 0.0335827 0.0443448 0.0504898 0.0524592 0.0504898 0.0443448 0.0335827 0.0183 0 
0 0.0370859 0.0672329 0.087741 0.0991089 0.102691 0.0991089 0.087741 0.0672329 0.0370859 0 
0 0.071429 0.126783 0.162435 0.18135 0.187167 0.18135 0.162435 0.126783 0.071429 0 
0 0.132726 0.226563 0.281838 0.309303 0.317461 0.309303 0.281838 0.226563 0.132726 0 
0 0.244606 0.386969 0.459116 0.491621 0.500816 0.491621 0.459116 0.386969 0.244606 0 
0 0.468839 0.636669 0.702033 0.727563 0.734337 0.727563 0.702033 0.636669 0.468839 0 
1 1 1 1 1 1 1 1 1 1 1 
