11 11
0 0 0 0 0 0 0 0 0 0 0 
0 4.03406e-07 7.67325e-07 1.05613e-06 1.24156e-06 1.30545e-06 1.24156e-06 1.05613e-06 7.67325e-07 4.03406e-07 0 
0 7.67325e-07 1.45954e-06 2.00888e-06 2.36158e-06 2.48311e-06 2.36158e-06 2.00888e-06 1.45954e-06 7.67325e-07 0 
0 1.05613e-06 2.00888e-06 2.76499e-06 3.25044e-06 3.41771e-06 3.25044e-06 2.76499e-06 2.00888e-06 1.05613e-06 0 
0 1.24156e-06 2.36158e-06 3.25044e-06 3.82112e-06 4.01776e-06 3.82112e-06 3.25044e-06 2.36158e-06 1.24156e-06 0 
0 1.30545e-06 2.48311e-06 3.41771e-06 4.01776e-06 4.22453e-06 4.01776e-06 3.41771e-06 2.48311e-06 1.30545e-06 0 
0 1.24156e-06 2.36158e-06 3.25044e-06 3.82112e-06 4.01776e-06 3.82112e-06 3.25044e-06 2.36158e-06 1.24156e-06 0 
0 1.05613e-06 2.00888e-06 2.76499e-06 3.25044e-06 3.41771e-06 3.25044e-06 2.76499e-06 2.00888e-06 1.05613e-06 0 
0 7.67325e-07 1.45954e-06 2.00888e-06 2.36158e-06 2.48311e-06 2.36158e-06 2.00888e-06 1.45954e-06 7.67325e-07 0 
0 4.03406e-07 7.67325e-07 1.05613e-06 1.24156e-06 1.30545e-06 1.24156e-06 1.05613e-06 7.67325e-07 4.03406e-07 0 
0 3.78417e-17 7.19792e-17 9.90709e-17 1.16465e-16 1.22458e-16 1.16465e-16 9.90709e-17 7.19792e-17 3.78417e-17 0 
