10000
-4.65567
-4.65811
-4.66054
-4.66297
-4.6654
-4.66782
-4.67023
-4.67264
-4.67505
-4.67745
-4.67984
-4.68223
-4.68462
-4.687
-4.68938
-4.69175
-4.69412
-4.69648
-4.69883
-4.70119
-4.70353
-4.70588
-4.70821
-4.71055
-4.71288
-4.7152
-4.71752
-4.71983
-4.72214
-4.72444
-4.72674
-4.72904
-4.73133
-4.73361
-4.73589
-4.73817
-4.74044
-4.7427
-4.74496
-4.74722
-4.74947
-4.75171
-4.75395
-4.75619
-4.75842
-4.76064
-4.76287
-4.76508
-4.76729
-4.7695
-4.7717
-4.7739
-4.77609
-4.77828
-4.78046
-4.78263
-4.78481
-4.78697
-4.78914
-4.79129
-4.79344
-4.79559
-4.79773
-4.79987
-4.802
-4.80413
-4.80625
-4.80837
-4.81048
-4.81259
-4.81469
-4.81679
-4.81888
-4.82097
-4.82305
-4.82513
-4.8272
-4.82927
-4.83133
-4.83339
-4.83545
-4.83749
-4.83954
-4.84157
-4.84361
-4.84563
-4.84766
-4.84967
-4.85169
-4.85369
-4.8557
-4.8577
-4.85969
-4.86168
-4.86366
-4.86564
-4.86761
-4.86958
-4.87154
-4.87349
-4.87545
-4.87739
-4.87934
-4.88127
-4.88321
-4.88513
-4.88705
-4.88897
-4.89088
-4.89279
-4.89469
-4.89659
-4.89848
-4.90037
-4.90225
-4.90412
-4.90599
-4.90786
-4.90972
-4.91158
-4.91343
-4.91527
-4.91711
-4.91895
-4.92078
-4.9226
-4.92442
-4.92624
-4.92805
-4.92985
-4.93165
-4.93345
-4.93524
-4.93702
-4.9388
-4.94057
-4.94234
-4.94411
-4.94586
-4.94762
-4.94937
-4.95111
-4.95285
-4.95458
-4.95631
-4.95803
-4.95975
-4.96146
-4.96316
-4.96487
-4.96656
-4.96825
-4.96994
-4.97162
-4.9733
-4.97497
-4.97663
-4.97829
-4.97995
-4.9816
-4.98324
-4.98488
-4.98651
-4.98814
-4.98977
-4.99139
-4.993
-4.99461
-4.99621
-4.99781
-4.9994
-5.00099
-5.00257
-5.00414
-5.00572
-5.00728
-5.00884
-5.0104
-5.01195
-5.01349
-5.01503
-5.01657
-5.0181
-5.01962
-5.02114
-5.02265
-5.02416
-5.02566
-5.02716
-5.02865
-5.03014
-5.03162
-5.0331
-5.03457
-5.03604
-5.0375
-5.03895
-5.0404
-5.04185
-5.04329
-5.04472
-5.04615
-5.04757
-5.04899
-5.0504
-5.05181
-5.05321
-5.05461
-5.056
-5.05739
-5.05877
-5.06015
-5.06152
-5.06288
-5.06424
-5.0656
-5.06694
-5.06829
-5.06963
-5.07096
-5.07229
-5.07361
-5.07493
-5.07624
-5.07754
-5.07884
-5.08014
-5.08143
-5.08271
-5.08399
-5.08527
-5.08654
-5.0878
-5.08906
-5.09031
-5.09156
-5.0928
-5.09404
-5.09527
-5.09649
-5.09771
-5.09893
-5.10014
-5.10134
-5.10254
-5.10373
-5.10492
-5.1061
-5.10728
-5.10845
-5.10962
-5.11078
-5.11193
-5.11308
-5.11423
-5.11536
-5.1165
-5.11763
-5.11875
-5.11987
-5.12098
-5.12208
-5.12318
-5.12428
-5.12537
-5.12645
-5.12753
-5.12861
-5.12967
-5.13074
-5.13179
-5.13285
-5.13389
-5.13493
-5.13597
-5.137
-5.13802
-5.13904
-5.14006
-5.14106
-5.14207
-5.14306
-5.14405
-5.14504
-5.14602
-5.147
-5.14797
-5.14893
-5.14989
-5.15084
-5.15179
-5.15273
-5.15367
-5.1546
-5.15552
-5.15644
-5.15736
-5.15827
-5.15917
-5.16007
-5.16096
-5.16185
-5.16273
-5.16361
-5.16448
-5.16534
-5.1662
-5.16705
-5.1679
-5.16875
-5.16958
-5.17041
-5.17124
-5.17206
-5.17288
-5.17369
-5.17449
-5.17529
-5.17608
-5.17687
-5.17765
-5.17843
-5.1792
-5.17996
-5.18072
-5.18147
-5.18222
-5.18297
-5.1837
-5.18443
-5.18516
-5.18588
-5.1866
-5.1873
-5.18801
-5.18871
-5.1894
-5.19009
-5.19077
-5.19144
-5.19211
-5.19278
-5.19344
-5.19409
-5.19474
-5.19538
-5.19602
-5.19665
-5.19727
-5.19789
-5.19851
-5.19912
-5.19972
-5.20032
-5.20091
-5.20149
-5.20207
-5.20265
-5.20322
-5.20378
-5.20434
-5.20489
-5.20544
-5.20598
-5.20652
-5.20705
-5.20757
-5.20809
-5.2086
-5.20911
-5.20961
-5.21011
-5.2106
-5.21108
-5.21156
-5.21203
-5.2125
-5.21296
-5.21342
-5.21387
-5.21432
-5.21476
-5.21519
-5.21562
-5.21604
-5.21646
-5.21687
-5.21728
-5.21768
-5.21807
-5.21846
-5.21884
-5.21922
-5.21959
-5.21996
-5.22032
-5.22067
-5.22102
-5.22136
-5.2217
-5.22203
-5.22236
-5.22268
-5.22299
-5.2233
-5.22361
-5.2239
-5.2242
-5.22448
-5.22476
-5.22504
-5.22531
-5.22557
-5.22583
-5.22608
-5.22633
-5.22657
-5.2268
-5.22703
-5.22726
-5.22748
-5.22769
-5.22789
-5.2281
-5.22829
-5.22848
-5.22866
-5.22884
-5.22901
-5.22918
-5.22934
-5.2295
-5.22965
-5.22979
-5.22993
-5.23006
-5.23019
-5.23031
-5.23042
-5.23053
-5.23064
-5.23073
-5.23083
-5.23091
-5.23099
-5.23107
-5.23114
-5.2312
-5.23126
-5.23131
-5.23136
-5.2314
-5.23143
-5.23146
-5.23149
-5.2315
-5.23152
-5.23152
-5.23152
-5.23152
-5.23151
-5.23149
-5.23147
-5.23144
-5.2314
-5.23136
-5.23132
-5.23127
-5.23121
-5.23115
-5.23108
-5.231
-5.23092
-5.23084
-5.23074
-5.23065
-5.23054
-5.23043
-5.23032
-5.2302
-5.23007
-5.22994
-5.2298
-5.22966
-5.22951
-5.22935
-5.22919
-5.22903
-5.22885
-5.22868
-5.22849
-5.2283
-5.22811
-5.2279
-5.2277
-5.22748
-5.22727
-5.22704
-5.22681
-5.22657
-5.22633
-5.22608
-5.22583
-5.22557
-5.22531
-5.22503
-5.22476
-5.22448
-5.22419
-5.22389
-5.22359
-5.22329
-5.22298
-5.22266
-5.22234
-5.22201
-5.22167
-5.22133
-5.22098
-5.22063
-5.22027
-5.21991
-5.21954
-5.21917
-5.21878
-5.2184
-5.218
-5.21761
-5.2172
-5.21679
-5.21638
-5.21595
-5.21553
-5.21509
-5.21465
-5.21421
-5.21376
-5.2133
-5.21284
-5.21237
-5.21189
-5.21141
-5.21093
-5.21044
-5.20994
-5.20944
-5.20893
-5.20841
-5.20789
-5.20736
-5.20683
-5.20629
-5.20575
-5.2052
-5.20464
-5.20408
-5.20351
-5.20294
-5.20236
-5.20178
-5.20119
-5.20059
-5.19999
-5.19938
-5.19877
-5.19815
-5.19752
-5.19689
-5.19625
-5.19561
-5.19496
-5.1943
-5.19364
-5.19298
-5.1923
-5.19163
-5.19094
-5.19025
-5.18956
-5.18885
-5.18815
-5.18743
-5.18671
-5.18599
-5.18526
-5.18452
-5.18378
-5.18303
-5.18228
-5.18152
-5.18075
-5.17998
-5.1792
-5.17842
-5.17763
-5.17683
-5.17603
-5.17522
-5.17441
-5.17359
-5.17277
-5.17194
-5.1711
-5.17026
-5.16941
-5.16856
-5.1677
-5.16683
-5.16596
-5.16508
-5.1642
-5.16331
-5.16242
-5.16152
-5.16061
-5.1597
-5.15878
-5.15786
-5.15693
-5.15599
-5.15505
-5.1541
-5.15315
-5.15219
-5.15123
-5.15025
-5.14928
-5.1483
-5.14731
-5.14631
-5.14531
-5.14431
-5.1433
-5.14228
-5.14125
-5.14022
-5.13919
-5.13815
-5.1371
-5.13605
-5.13499
-5.13393
-5.13285
-5.13178
-5.1307
-5.12961
-5.12851
-5.12742
-5.12631
-5.1252
-5.12408
-5.12296
-5.12183
-5.12069
-5.11955
-5.11841
-5.11725
-5.1161
-5.11493
-5.11376
-5.11259
-5.1114
-5.11022
-5.10902
-5.10782
-5.10662
-5.10541
-5.10419
-5.10297
-5.10174
-5.10051
-5.09927
-5.09802
-5.09677
-5.09551
-5.09425
-5.09298
-5.0917
-5.09042
-5.08913
-5.08784
-5.08654
-5.08524
-5.08392
-5.08261
-5.08129
-5.07996
-5.07862
-5.07728
-5.07594
-5.07459
-5.07323
-5.07187
-5.0705
-5.06912
-5.06774
-5.06635
-5.06496
-5.06356
-5.06216
-5.06075
-5.05933
-5.05791
-5.05648
-5.05505
-5.05361
-5.05216
-5.05071
-5.04926
-5.04779
-5.04632
-5.04485
-5.04337
-5.04188
-5.04039
-5.03889
-5.03739
-5.03588
-5.03436
-5.03284
-5.03132
-5.02978
-5.02824
-5.0267
-5.02515
-5.02359
-5.02203
-5.02046
-5.01889
-5.01731
-5.01572
-5.01413
-5.01253
-5.01093
-5.00932
-5.00771
-5.00609
-5.00446
-5.00283
-5.00119
-4.99954
-4.99789
-4.99624
-4.99458
-4.99291
-4.99124
-4.98956
-4.98787
-4.98618
-4.98448
-4.98278
-4.98107
-4.97936
-4.97764
-4.97591
-4.97418
-4.97244
-4.9707
-4.96895
-4.9672
-4.96544
-4.96367
-4.9619
-4.96012
-4.95833
-4.95654
-4.95475
-4.95295
-4.95114
-4.94933
-4.94751
-4.94568
-4.94385
-4.94202
-4.94017
-4.93832
-4.93647
-4.93461
-4.93275
-4.93087
-4.929
-4.92711
-4.92522
-4.92333
-4.92143
-4.91952
-4.91761
-4.91569
-4.91377
-4.91184
-4.9099
-4.90796
-4.90602
-4.90406
-4.9021
-4.90014
-4.89817
-4.89619
-4.89421
-4.89222
-4.89023
-4.88823
-4.88623
-4.88422
-4.8822
-4.88018
-4.87815
-4.87612
-4.87408
-4.87203
-4.86998
-4.86792
-4.86586
-4.86379
-4.86172
-4.85963
-4.85755
-4.85546
-4.85336
-4.85126
-4.84915
-4.84703
-4.84491
-4.84278
-4.84065
-4.83851
-4.83637
-4.83422
-4.83206
-4.8299
-4.82774
-4.82556
-4.82339
-4.8212
-4.81901
-4.81682
-4.81461
-4.81241
-4.81019
-4.80797
-4.80575
-4.80352
-4.80128
-4.79904
-4.79679
-4.79454
-4.79228
-4.79002
-4.78775
-4.78547
-4.78319
-4.7809
-4.77861
-4.77631
-4.774
-4.77169
-4.76937
-4.76705
-4.76472
-4.76239
-4.76005
-4.75771
-4.75535
-4.753
-4.75064
-4.74827
-4.74589
-4.74351
-4.74113
-4.73874
-4.73634
-4.73394
-4.73153
-4.72912
-4.7267
-4.72427
-4.72184
-4.7194
-4.71696
-4.71451
-4.71206
-4.7096
-4.70714
-4.70466
-4.70219
-4.69971
-4.69722
-4.69472
-4.69222
-4.68972
-4.68721
-4.68469
-4.68217
-4.67964
-4.67711
-4.67457
-4.67203
-4.66947
-4.66692
-4.66436
-4.66179
-4.65922
-4.65664
-4.65405
-4.65146
-4.64887
-4.64627
-4.64366
-4.64105
-4.63843
-4.6358
-4.63317
-4.63054
-4.6279
-4.62525
-4.6226
-4.61994
-4.61728
-4.61461
-4.61193
-4.60925
-4.60657
-4.60388
-4.60118
-4.59848
-4.59577
-4.59305
-4.59033
-4.58761
-4.58488
-4.58214
-4.5794
-4.57665
-4.5739
-4.57114
-4.56837
-4.5656
-4.56283
-4.56005
-4.55726
-4.55447
-4.55167
-4.54886
-4.54605
-4.54324
-4.54042
-4.53759
-4.53476
-4.53192
-4.52908
-4.52623
-4.52338
-4.52052
-4.51766
-4.51478
-4.51191
-4.50903
-4.50614
-4.50325
-4.50035
-4.49744
-4.49454
-4.49162
-4.4887
-4.48577
-4.48284
-4.47991
-4.47696
-4.47401
-4.47106
-4.4681
-4.46514
-4.46217
-4.45919
-4.45621
-4.45322
-4.45023
-4.44723
-4.44423
-4.44122
-4.43821
-4.43519
-4.43216
-4.42913
-4.42609
-4.42305
-4.42001
-4.41695
-4.41389
-4.41083
-4.40776
-4.40469
-4.40161
-4.39852
-4.39543
-4.39233
-4.38923
-4.38613
-4.38301
-4.37989
-4.37677
-4.37364
-4.37051
-4.36737
-4.36422
-4.36107
-4.35791
-4.35475
-4.35159
-4.34841
-4.34523
-4.34205
-4.33886
-4.33567
-4.33247
-4.32926
-4.32605
-4.32284
-4.31962
-4.31639
-4.31316
-4.30992
-4.30668
-4.30343
-4.30017
-4.29692
-4.29365
-4.29038
-4.28711
-4.28383
-4.28054
-4.27725
-4.27395
-4.27065
-4.26734
-4.26403
-4.26071
-4.25739
-4.25406
-4.25073
-4.24739
-4.24404
-4.24069
-4.23734
-4.23398
-4.23061
-4.22724
-4.22386
-4.22048
-4.21709
-4.2137
-4.2103
-4.2069
-4.20349
-4.20008
-4.19666
-4.19323
-4.1898
-4.18637
-4.18293
-4.17948
-4.17603
-4.17258
-4.16911
-4.16565
-4.16218
-4.1587
-4.15522
-4.15173
-4.14824
-4.14474
-4.14123
-4.13773
-4.13421
-4.13069
-4.12717
-4.12364
-4.1201
-4.11656
-4.11302
-4.10947
-4.10591
-4.10235
-4.09879
-4.09521
-4.09164
-4.08806
-4.08447
-4.08088
-4.07728
-4.07368
-4.07007
-4.06646
-4.06284
-4.05922
-4.05559
-4.05195
-4.04832
-4.04467
-4.04102
-4.03737
-4.03371
-4.03005
-4.02638
-4.0227
-4.01902
-4.01534
-4.01165
-4.00795
-4.00425
-4.00055
-3.99683
-3.99312
-3.9894
-3.98567
-3.98194
-3.97821
-3.97446
-3.97072
-3.96697
-3.96321
-3.95945
-3.95568
-3.95191
-3.94813
-3.94435
-3.94057
-3.93677
-3.93298
-3.92917
-3.92537
-3.92156
-3.91774
-3.91392
-3.91009
-3.90626
-3.90242
-3.89858
-3.89473
-3.89088
-3.88702
-3.88316
-3.87929
-3.87542
-3.87154
-3.86766
-3.86377
-3.85988
-3.85598
-3.85208
-3.84817
-3.84426
-3.84034
-3.83642
-3.8325
-3.82856
-3.82463
-3.82068
-3.81674
-3.81279
-3.80883
-3.80487
-3.8009
-3.79693
-3.79295
-3.78897
-3.78499
-3.781
-3.777
-3.773
-3.76899
-3.76498
-3.76097
-3.75695
-3.75292
-3.74889
-3.74486
-3.74082
-3.73677
-3.73272
-3.72867
-3.72461
-3.72054
-3.71647
-3.7124
-3.70832
-3.70424
-3.70015
-3.69606
-3.69196
-3.68786
-3.68375
-3.67964
-3.67552
-3.6714
-3.66727
-3.66314
-3.659
-3.65486
-3.65071
-3.64656
-3.64241
-3.63825
-3.63408
-3.62991
-3.62574
-3.62156
-3.61737
-3.61319
-3.60899
-3.60479
-3.60059
-3.59638
-3.59217
-3.58795
-3.58373
-3.57951
-3.57527
-3.57104
-3.5668
-3.56255
-3.5583
-3.55405
-3.54979
-3.54553
-3.54126
-3.53698
-3.53271
-3.52842
-3.52414
-3.51984
-3.51555
-3.51125
-3.50694
-3.50263
-3.49831
-3.49399
-3.48967
-3.48534
-3.48101
-3.47667
-3.47233
-3.46798
-3.46363
-3.45927
-3.45491
-3.45055
-3.44618
-3.4418
-3.43742
-3.43304
-3.42865
-3.42426
-3.41986
-3.41546
-3.41105
-3.40664
-3.40222
-3.3978
-3.39338
-3.38895
-3.38452
-3.38008
-3.37564
-3.37119
-3.36674
-3.36228
-3.35782
-3.35336
-3.34889
-3.34441
-3.33994
-3.33545
-3.33097
-3.32647
-3.32198
-3.31748
-3.31297
-3.30846
-3.30395
-3.29943
-3.29491
-3.29038
-3.28585
-3.28131
-3.27677
-3.27223
-3.26768
-3.26313
-3.25857
-3.25401
-3.24944
-3.24487
-3.2403
-3.23572
-3.23113
-3.22655
-3.22195
-3.21736
-3.21276
-3.20815
-3.20354
-3.19893
-3.19431
-3.18969
-3.18506
-3.18043
-3.17579
-3.17115
-3.16651
-3.16186
-3.15721
-3.15255
-3.14789
-3.14323
-3.13856
-3.13388
-3.12921
-3.12452
-3.11984
-3.11515
-3.11045
-3.10575
-3.10105
-3.09634
-3.09163
-3.08692
-3.0822
-3.07747
-3.07275
-3.06801
-3.06328
-3.05854
-3.05379
-3.04904
-3.04429
-3.03953
-3.03477
-3.03001
-3.02524
-3.02046
-3.01569
-3.01091
-3.00612
-3.00133
-2.99654
-2.99174
-2.98694
-2.98213
-2.97732
-2.97251
-2.96769
-2.96287
-2.95804
-2.95321
-2.94837
-2.94354
-2.93869
-2.93385
-2.929
-2.92414
-2.91928
-2.91442
-2.90956
-2.90469
-2.89981
-2.89493
-2.89005
-2.88516
-2.88027
-2.87538
-2.87048
-2.86558
-2.86068
-2.85577
-2.85085
-2.84593
-2.84101
-2.83609
-2.83116
-2.82623
-2.82129
-2.81635
-2.8114
-2.80646
-2.8015
-2.79655
-2.79159
-2.78662
-2.78166
-2.77668
-2.77171
-2.76673
-2.76175
-2.75676
-2.75177
-2.74677
-2.74178
-2.73677
-2.73177
-2.72676
-2.72175
-2.71673
-2.71171
-2.70668
-2.70166
-2.69662
-2.69159
-2.68655
-2.68151
-2.67646
-2.67141
-2.66636
-2.6613
-2.65624
-2.65117
-2.6461
-2.64103
-2.63595
-2.63087
-2.62579
-2.6207
-2.61561
-2.61052
-2.60542
-2.60032
-2.59522
-2.59011
-2.58499
-2.57988
-2.57476
-2.56964
-2.56451
-2.55938
-2.55425
-2.54911
-2.54397
-2.53882
-2.53368
-2.52852
-2.52337
-2.51821
-2.51305
-2.50788
-2.50271
-2.49754
-2.49237
-2.48719
-2.482
-2.47682
-2.47163
-2.46644
-2.46124
-2.45604
-2.45084
-2.44563
-2.44042
-2.4352
-2.42999
-2.42477
-2.41954
-2.41432
-2.40909
-2.40385
-2.39861
-2.39337
-2.38813
-2.38288
-2.37763
-2.37238
-2.36712
-2.36186
-2.3566
-2.35133
-2.34606
-2.34078
-2.33551
-2.33023
-2.32494
-2.31966
-2.31437
-2.30907
-2.30378
-2.29848
-2.29317
-2.28787
-2.28256
-2.27724
-2.27193
-2.26661
-2.26129
-2.25596
-2.25063
-2.2453
-2.23997
-2.23463
-2.22929
-2.22394
-2.21859
-2.21324
-2.20789
-2.20253
-2.19717
-2.19181
-2.18644
-2.18107
-2.1757
-2.17033
-2.16495
-2.15957
-2.15418
-2.14879
-2.1434
-2.13801
-2.13261
-2.12721
-2.12181
-2.1164
-2.111
-2.10558
-2.10017
-2.09475
-2.08933
-2.08391
-2.07848
-2.07305
-2.06762
-2.06218
-2.05674
-2.0513
-2.04586
-2.04041
-2.03496
-2.02951
-2.02405
-2.0186
-2.01313
-2.00767
-2.0022
-1.99673
-1.99126
-1.98578
-1.98031
-1.97482
-1.96934
-1.96385
-1.95836
-1.95287
-1.94738
-1.94188
-1.93638
-1.93087
-1.92537
-1.91986
-1.91435
-1.90883
-1.90332
-1.8978
-1.89227
-1.88675
-1.88122
-1.87569
-1.87016
-1.86462
-1.85908
-1.85354
-1.848
-1.84245
-1.8369
-1.83135
-1.82579
-1.82024
-1.81468
-1.80911
-1.80355
-1.79798
-1.79241
-1.78684
-1.78126
-1.77569
-1.77011
-1.76452
-1.75894
-1.75335
-1.74776
-1.74217
-1.73657
-1.73097
-1.72537
-1.71977
-1.71417
-1.70856
-1.70295
-1.69733
-1.69172
-1.6861
-1.68048
-1.67486
-1.66924
-1.66361
-1.65798
-1.65235
-1.64671
-1.64108
-1.63544
-1.6298
-1.62415
-1.61851
-1.61286
-1.60721
-1.60155
-1.5959
-1.59024
-1.58458
-1.57892
-1.57325
-1.56759
-1.56192
-1.55625
-1.55057
-1.5449
-1.53922
-1.53354
-1.52786
-1.52217
-1.51649
-1.5108
-1.50511
-1.49941
-1.49372
-1.48802
-1.48232
-1.47662
-1.47091
-1.46521
-1.4595
-1.45379
-1.44808
-1.44236
-1.43664
-1.43092
-1.4252
-1.41948
-1.41376
-1.40803
-1.4023
-1.39657
-1.39084
-1.3851
-1.37936
-1.37362
-1.36788
-1.36214
-1.35639
-1.35065
-1.3449
-1.33915
-1.33339
-1.32764
-1.32188
-1.31612
-1.31036
-1.3046
-1.29883
-1.29307
-1.2873
-1.28153
-1.27576
-1.26998
-1.26421
-1.25843
-1.25265
-1.24687
-1.24109
-1.2353
-1.22952
-1.22373
-1.21794
-1.21214
-1.20635
-1.20055
-1.19476
-1.18896
-1.18316
-1.17736
-1.17155
-1.16574
-1.15994
-1.15413
-1.14832
-1.1425
-1.13669
-1.13087
-1.12506
-1.11924
-1.11342
-1.10759
-1.10177
-1.09594
-1.09012
-1.08429
-1.07846
-1.07262
-1.06679
-1.06095
-1.05512
-1.04928
-1.04344
-1.0376
-1.03175
-1.02591
-1.02006
-1.01422
-1.00837
-1.00252
-0.996664
-0.990811
-0.984956
-0.979099
-0.973241
-0.967382
-0.961521
-0.955659
-0.949796
-0.943931
-0.938065
-0.932197
-0.926328
-0.920457
-0.914586
-0.908713
-0.902838
-0.896962
-0.891085
-0.885207
-0.879327
-0.873446
-0.867564
-0.86168
-0.855796
-0.849909
-0.844022
-0.838133
-0.832244
-0.826353
-0.82046
-0.814567
-0.808672
-0.802776
-0.796879
-0.790981
-0.785082
-0.779181
-0.773279
-0.767376
-0.761472
-0.755567
-0.749661
-0.743754
-0.737845
-0.731936
-0.726025
-0.720113
-0.714201
-0.708287
-0.702372
-0.696456
-0.690539
-0.684621
-0.678702
-0.672782
-0.666861
-0.660939
-0.655016
-0.649092
-0.643168
-0.637242
-0.631315
-0.625387
-0.619459
-0.613529
-0.607599
-0.601667
-0.595735
-0.589802
-0.583868
-0.577933
-0.571997
-0.566061
-0.560123
-0.554185
-0.548246
-0.542306
-0.536366
-0.530424
-0.524482
-0.518539
-0.512595
-0.50665
-0.500705
-0.494759
-0.488812
-0.482865
-0.476916
-0.470968
-0.465018
-0.459068
-0.453116
-0.447165
-0.441212
-0.435259
-0.429306
-0.423351
-0.417397
-0.411441
-0.405485
-0.399528
-0.393571
-0.387613
-0.381654
-0.375695
-0.369735
-0.363775
-0.357815
-0.351853
-0.345891
-0.339929
-0.333966
-0.328003
-0.322039
-0.316075
-0.31011
-0.304145
-0.298179
-0.292213
-0.286247
-0.28028
-0.274312
-0.268345
-0.262376
-0.256408
-0.250439
-0.24447
-0.2385
-0.23253
-0.226559
-0.220589
-0.214618
-0.208646
-0.202675
-0.196703
-0.19073
-0.184758
-0.178785
-0.172812
-0.166839
-0.160865
-0.154891
-0.148917
-0.142943
-0.136968
-0.130993
-0.125019
-0.119044
-0.113068
-0.107093
-0.101117
-0.0951415
-0.0891656
-0.0831896
-0.0772135
-0.0712372
-0.0652609
-0.0592845
-0.0533079
-0.0473313
-0.0413546
-0.0353779
-0.0294011
-0.0234243
-0.0174474
-0.0114706
-0.00549366
0.000483245
0.00646014
0.012437
0.0184139
0.0243907
0.0303675
0.0363443
0.042321
0.0482976
0.0542742
0.0602506
0.066227
0.0722033
0.0781794
0.0841555
0.0901314
0.0961072
0.102083
0.108058
0.114034
0.120009
0.125984
0.131958
0.137933
0.143907
0.149881
0.155855
0.161829
0.167802
0.173776
0.179748
0.185721
0.191693
0.197665
0.203637
0.209609
0.21558
0.221551
0.227521
0.233491
0.239461
0.24543
0.251399
0.257368
0.263336
0.269304
0.275271
0.281239
0.287205
0.293171
0.299137
0.305102
0.311067
0.317031
0.322995
0.328959
0.334921
0.340884
0.346846
0.352807
0.358768
0.364728
0.370687
0.376647
0.382605
0.388563
0.39452
0.400477
0.406433
0.412389
0.418344
0.424298
0.430252
0.436205
0.442157
0.448109
0.454059
0.46001
0.465959
0.471908
0.477856
0.483804
0.48975
0.495696
0.501641
0.507586
0.513529
0.519472
0.525414
0.531356
0.537296
0.543236
0.549174
0.555112
0.56105
0.566986
0.572921
0.578856
0.584789
0.590722
0.596654
0.602585
0.608515
0.614444
0.620372
0.626299
0.632225
0.638151
0.644075
0.649998
0.655921
0.661842
0.667762
0.673682
0.6796
0.685517
0.691433
0.697348
0.703262
0.709175
0.715087
0.720998
0.726908
0.732816
0.738724
0.74463
0.750535
0.756439
0.762342
0.768244
0.774144
0.780044
0.785942
0.791839
0.797734
0.803629
0.809522
0.815414
0.821305
0.827194
0.833083
0.83897
0.844855
0.85074
0.856623
0.862505
0.868385
0.874264
0.880142
0.886018
0.891893
0.897767
0.903639
0.90951
0.91538
0.921248
0.927114
0.93298
0.938844
0.944706
0.950567
0.956426
0.962284
0.968141
0.973996
0.979849
0.985701
0.991552
0.997401
1.00325
1.00909
1.01494
1.02078
1.02662
1.03246
1.0383
1.04414
1.04997
1.0558
1.06164
1.06747
1.07329
1.07912
1.08495
1.09077
1.09659
1.10241
1.10823
1.11405
1.11986
1.12567
1.13148
1.13729
1.1431
1.14891
1.15471
1.16051
1.16632
1.17211
1.17791
1.18371
1.1895
1.19529
1.20108
1.20687
1.21265
1.21844
1.22422
1.23
1.23578
1.24156
1.24733
1.2531
1.25887
1.26464
1.27041
1.27618
1.28194
1.2877
1.29346
1.29922
1.30497
1.31072
1.31647
1.32222
1.32797
1.33371
1.33946
1.3452
1.35094
1.35667
1.36241
1.36814
1.37387
1.3796
1.38532
1.39105
1.39677
1.40249
1.4082
1.41392
1.41963
1.42534
1.43105
1.43676
1.44246
1.44816
1.45386
1.45956
1.46525
1.47095
1.47664
1.48232
1.48801
1.49369
1.49938
1.50505
1.51073
1.5164
1.52208
1.52775
1.53341
1.53908
1.54474
1.5504
1.55606
1.56171
1.56736
1.57301
1.57866
1.58431
1.58995
1.59559
1.60123
1.60686
1.6125
1.61813
1.62375
1.62938
1.635
1.64062
1.64624
1.65186
1.65747
1.66308
1.66868
1.67429
1.67989
1.68549
1.69109
1.69668
1.70227
1.70786
1.71345
1.71903
1.72461
1.73019
1.73577
1.74134
1.74691
1.75248
1.75804
1.7636
1.76916
1.77472
1.78027
1.78583
1.79137
1.79692
1.80246
1.808
1.81354
1.81907
1.8246
1.83013
1.83566
1.84118
1.8467
1.85222
1.85773
1.86324
1.86875
1.87426
1.87976
1.88526
1.89075
1.89625
1.90174
1.90723
1.91271
1.91819
1.92367
1.92915
1.93462
1.94009
1.94556
1.95102
1.95648
1.96194
1.96739
1.97284
1.97829
1.98374
1.98918
1.99462
2.00005
2.00549
2.01092
2.01634
2.02177
2.02719
2.0326
2.03802
2.04343
2.04883
2.05424
2.05964
2.06504
2.07043
2.07582
2.08121
2.0866
2.09198
2.09736
2.10273
2.1081
2.11347
2.11884
2.1242
2.12956
2.13491
2.14026
2.14561
2.15096
2.1563
2.16164
2.16697
2.1723
2.17763
2.18296
2.18828
2.1936
2.19891
2.20422
2.20953
2.21484
2.22014
2.22543
2.23073
2.23602
2.2413
2.24659
2.25187
2.25714
2.26242
2.26769
2.27295
2.27821
2.28347
2.28873
2.29398
2.29923
2.30447
2.30971
2.31495
2.32018
2.32541
2.33064
2.33586
2.34108
2.34629
2.3515
2.35671
2.36192
2.36712
2.37231
2.37751
2.3827
2.38788
2.39306
2.39824
2.40341
2.40859
2.41375
2.41892
2.42407
2.42923
2.43438
2.43953
2.44467
2.44981
2.45495
2.46008
2.46521
2.47033
2.47546
2.48057
2.48569
2.49079
2.4959
2.501
2.5061
2.51119
2.51628
2.52137
2.52645
2.53153
2.5366
2.54167
2.54674
2.5518
2.55686
2.56191
2.56696
2.572
2.57705
2.58208
2.58712
2.59215
2.59717
2.60219
2.60721
2.61222
2.61723
2.62224
2.62724
2.63224
2.63723
2.64222
2.6472
2.65218
2.65716
2.66213
2.6671
2.67206
2.67702
2.68198
2.68693
2.69188
2.69682
2.70176
2.70669
2.71162
2.71655
2.72147
2.72638
2.7313
2.73621
2.74111
2.74601
2.75091
2.7558
2.76068
2.76557
2.77045
2.77532
2.78019
2.78505
2.78992
2.79477
2.79962
2.80447
2.80932
2.81415
2.81899
2.82382
2.82865
2.83347
2.83828
2.8431
2.8479
2.85271
2.85751
2.8623
2.86709
2.87188
2.87666
2.88144
2.88621
2.89097
2.89574
2.9005
2.90525
2.91
2.91474
2.91948
2.92422
2.92895
2.93368
2.9384
2.94312
2.94783
2.95254
2.95724
2.96194
2.96664
2.97132
2.97601
2.98069
2.98537
2.99004
2.9947
2.99936
3.00402
3.00867
3.01332
3.01796
3.0226
3.02723
3.03186
3.03649
3.04111
3.04572
3.05033
3.05493
3.05953
3.06413
3.06872
3.07331
3.07789
3.08246
3.08703
3.0916
3.09616
3.10072
3.10527
3.10982
3.11436
3.1189
3.12343
3.12796
3.13248
3.137
3.14151
3.14602
3.15052
3.15502
3.15951
3.164
3.16848
3.17296
3.17743
3.1819
3.18637
3.19082
3.19528
3.19973
3.20417
3.20861
3.21304
3.21747
3.22189
3.22631
3.23072
3.23513
3.23954
3.24393
3.24833
3.25271
3.2571
3.26148
3.26585
3.27022
3.27458
3.27894
3.28329
3.28764
3.29198
3.29631
3.30065
3.30497
3.30929
3.31361
3.31792
3.32223
3.32653
3.33082
3.33511
3.3394
3.34368
3.34795
3.35222
3.35649
3.36075
3.365
3.36925
3.37349
3.37773
3.38197
3.38619
3.39042
3.39463
3.39884
3.40305
3.40725
3.41145
3.41564
3.41983
3.42401
3.42818
3.43235
3.43651
3.44067
3.44483
3.44897
3.45312
3.45725
3.46139
3.46551
3.46963
3.47375
3.47786
3.48196
3.48606
3.49016
3.49425
3.49833
3.50241
3.50648
3.51055
3.51461
3.51867
3.52272
3.52676
3.5308
3.53483
3.53886
3.54289
3.5469
3.55092
3.55492
3.55892
3.56292
3.56691
3.5709
3.57487
3.57885
3.58282
3.58678
3.59074
3.59469
3.59863
3.60257
3.60651
3.61044
3.61436
3.61828
3.62219
3.6261
3.63
3.63389
3.63778
3.64167
3.64555
3.64942
3.65329
3.65715
3.661
3.66485
3.6687
3.67254
3.67637
3.6802
3.68402
3.68784
3.69165
3.69545
3.69925
3.70304
3.70683
3.71061
3.71439
3.71816
3.72193
3.72568
3.72944
3.73318
3.73693
3.74066
3.74439
3.74812
3.75184
3.75555
3.75926
3.76296
3.76665
3.77034
3.77403
3.7777
3.78138
3.78504
3.7887
3.79236
3.79601
3.79965
3.80329
3.80692
3.81054
3.81416
3.81777
3.82138
3.82498
3.82858
3.83217
3.83575
3.83933
3.8429
3.84647
3.85003
3.85359
3.85713
3.86068
3.86421
3.86775
3.87127
3.87479
3.8783
3.88181
3.88531
3.8888
3.89229
3.89578
3.89925
3.90273
3.90619
3.90965
3.9131
3.91655
3.91999
3.92343
3.92685
3.93028
3.93369
3.93711
3.94051
3.94391
3.9473
3.95069
3.95407
3.95744
3.96081
3.96418
3.96753
3.97088
3.97423
3.97756
3.9809
3.98422
3.98754
3.99086
3.99416
3.99746
4.00076
4.00405
4.00733
4.01061
4.01388
4.01714
4.0204
4.02366
4.0269
4.03014
4.03338
4.0366
4.03983
4.04304
4.04625
4.04945
4.05265
4.05584
4.05902
4.0622
4.06538
4.06854
4.0717
4.07485
4.078
4.08114
4.08428
4.08741
4.09053
4.09364
4.09675
4.09986
4.10295
4.10604
4.10913
4.11221
4.11528
4.11835
4.12141
4.12446
4.12751
4.13055
4.13358
4.13661
4.13963
4.14265
4.14566
4.14866
4.15166
4.15465
4.15763
4.16061
4.16358
4.16654
4.1695
4.17245
4.1754
4.17834
4.18127
4.1842
4.18712
4.19004
4.19294
4.19584
4.19874
4.20163
4.20451
4.20739
4.21026
4.21312
4.21598
4.21883
4.22167
4.22451
4.22734
4.23016
4.23298
4.23579
4.2386
4.2414
4.24419
4.24698
4.24976
4.25253
4.2553
4.25806
4.26081
4.26356
4.2663
4.26903
4.27176
4.27448
4.2772
4.27991
4.28261
4.28531
4.28799
4.29068
4.29335
4.29602
4.29869
4.30134
4.30399
4.30664
4.30928
4.31191
4.31453
4.31715
4.31976
4.32236
4.32496
4.32755
4.33014
4.33272
4.33529
4.33785
4.34041
4.34297
4.34551
4.34805
4.35058
4.35311
4.35563
4.35814
4.36065
4.36315
4.36564
4.36813
4.37061
4.37308
4.37555
4.37801
4.38046
4.38291
4.38535
4.38779
4.39021
4.39263
4.39505
4.39746
4.39986
4.40225
4.40464
4.40702
4.4094
4.41176
4.41412
4.41648
4.41883
4.42117
4.4235
4.42583
4.42815
4.43047
4.43278
4.43508
4.43737
4.43966
4.44194
4.44422
4.44649
4.44875
4.451
4.45325
4.45549
4.45773
4.45996
4.46218
4.46439
4.4666
4.4688
4.471
4.47319
4.47537
4.47754
4.47971
4.48187
4.48403
4.48617
4.48831
4.49045
4.49258
4.4947
4.49681
4.49892
4.50102
4.50312
4.5052
4.50728
4.50936
4.51143
4.51349
4.51554
4.51759
4.51963
4.52166
4.52369
4.52571
4.52772
4.52973
4.53173
4.53372
4.53571
4.53769
4.53966
4.54163
4.54359
4.54554
4.54749
4.54943
4.55136
4.55328
4.5552
4.55711
4.55902
4.56092
4.56281
4.5647
4.56657
4.56845
4.57031
4.57217
4.57402
4.57586
4.5777
4.57953
4.58136
4.58317
4.58498
4.58679
4.58858
4.59037
4.59216
4.59393
4.5957
4.59747
4.59922
4.60097
4.60271
4.60445
4.60618
4.6079
4.60961
4.61132
4.61302
4.61472
4.61641
4.61809
4.61976
4.62143
4.62309
4.62474
4.62639
4.62803
4.62966
4.63129
4.63291
4.63452
4.63613
4.63772
4.63932
4.6409
4.64248
4.64405
4.64562
4.64717
4.64873
4.65027
4.65181
4.65334
4.65486
4.65638
4.65789
4.65939
4.66089
4.66238
4.66386
4.66533
4.6668
4.66827
4.66972
4.67117
4.67261
4.67404
4.67547
4.67689
4.67831
4.67971
4.68111
4.68251
4.68389
4.68527
4.68665
4.68801
4.68937
4.69072
4.69207
4.69341
4.69474
4.69606
4.69738
4.69869
4.69999
4.70129
4.70258
4.70386
4.70514
4.70641
4.70767
4.70893
4.71018
4.71142
4.71265
4.71388
4.7151
4.71632
4.71753
4.71873
4.71992
4.72111
4.72229
4.72346
4.72463
4.72579
4.72694
4.72808
4.72922
4.73035
4.73148
4.7326
4.73371
4.73481
4.73591
4.737
4.73808
4.73916
4.74023
4.74129
4.74235
4.7434
4.74444
4.74548
4.7465
4.74753
4.74854
4.74955
4.75055
4.75154
4.75253
4.75351
4.75448
4.75545
4.75641
4.75736
4.75831
4.75925
4.76018
4.76111
4.76202
4.76293
4.76384
4.76474
4.76563
4.76651
4.76739
4.76826
4.76912
4.76998
4.77083
4.77167
4.77251
4.77333
4.77416
4.77497
4.77578
4.77658
4.77737
4.77816
4.77894
4.77972
4.78048
4.78124
4.782
4.78274
4.78348
4.78421
4.78494
4.78566
4.78637
4.78708
4.78777
4.78846
4.78915
4.78983
4.7905
4.79116
4.79182
4.79247
4.79311
4.79375
4.79438
4.795
4.79561
4.79622
4.79682
4.79742
4.79801
4.79859
4.79916
4.79973
4.80029
4.80085
4.80139
4.80193
4.80247
4.80299
4.80351
4.80402
4.80453
4.80503
4.80552
4.80601
4.80648
4.80696
4.80742
4.80788
4.80833
4.80877
4.80921
4.80964
4.81007
4.81048
4.81089
4.8113
4.81169
4.81208
4.81246
4.81284
4.81321
4.81357
4.81393
4.81427
4.81462
4.81495
4.81528
4.8156
4.81591
4.81622
4.81652
4.81682
4.8171
4.81738
4.81766
4.81792
4.81818
4.81844
4.81868
4.81892
4.81915
4.81938
4.8196
4.81981
4.82002
4.82021
4.82041
4.82059
4.82077
4.82094
4.8211
4.82126
4.82141
4.82156
4.82169
4.82182
4.82195
4.82206
4.82217
4.82228
4.82237
4.82246
4.82255
4.82262
4.82269
4.82276
4.82281
4.82286
4.8229
4.82294
4.82297
4.82299
4.823
4.82301
4.82301
4.82301
4.823
4.82298
4.82295
4.82292
4.82288
4.82284
4.82278
4.82272
4.82266
4.82259
4.82251
4.82242
4.82233
4.82223
4.82212
4.82201
4.82189
4.82176
4.82163
4.82149
4.82134
4.82119
4.82103
4.82086
4.82069
4.82051
4.82032
4.82013
4.81993
4.81972
4.81951
4.81929
4.81906
4.81882
4.81858
4.81834
4.81808
4.81782
4.81755
4.81728
4.817
4.81671
4.81642
4.81612
4.81581
4.81549
4.81517
4.81485
4.81451
4.81417
4.81382
4.81347
4.81311
4.81274
4.81237
4.81198
4.8116
4.8112
4.8108
4.81039
4.80998
4.80956
4.80913
4.8087
4.80826
4.80781
4.80736
4.80689
4.80643
4.80595
4.80547
4.80499
4.80449
4.80399
4.80348
4.80297
4.80245
4.80192
4.80139
4.80085
4.8003
4.79975
4.79919
4.79862
4.79805
4.79747
4.79688
4.79629
4.79569
4.79509
4.79447
4.79385
4.79323
4.7926
4.79196
4.79131
4.79066
4.79
4.78934
4.78866
4.78799
4.7873
4.78661
4.78591
4.78521
4.7845
4.78378
4.78305
4.78232
4.78159
4.78084
4.78009
4.77934
4.77857
4.7778
4.77703
4.77624
4.77545
4.77466
4.77386
4.77305
4.77223
4.77141
4.77058
4.76975
4.76891
4.76806
4.7672
4.76634
4.76548
4.7646
4.76372
4.76283
4.76194
4.76104
4.76014
4.75922
4.7583
4.75738
4.75645
4.75551
4.75456
4.75361
4.75265
4.75169
4.75072
4.74974
4.74876
4.74777
4.74677
4.74577
4.74476
4.74375
4.74272
4.7417
4.74066
4.73962
4.73857
4.73752
4.73646
4.73539
4.73432
4.73324
4.73215
4.73106
4.72996
4.72886
4.72775
4.72663
4.7255
4.72437
4.72324
4.72209
4.72094
4.71979
4.71863
4.71746
4.71628
4.7151
4.71391
4.71272
4.71152
4.71031
4.7091
4.70788
4.70666
4.70542
4.70419
4.70294
4.70169
4.70043
4.69917
4.6979
4.69662
4.69534
4.69405
4.69276
4.69146
4.69015
4.68884
4.68752
4.68619
4.68486
4.68352
4.68218
4.68082
4.67947
4.6781
4.67673
4.67536
4.67398
4.67259
4.67119
4.66979
4.66838
4.66697
4.66555
4.66412
4.66269
4.66125
4.65981
4.65836
4.6569
4.65544
4.65397
4.65249
4.65101
4.64953
4.64803
4.64653
4.64503
4.64351
4.64199
4.64047
4.63894
4.6374
4.63586
4.63431
4.63275
4.63119
4.62962
4.62805
4.62647
4.62488
4.62329
4.62169
4.62009
4.61848
4.61686
4.61524
4.61361
4.61198
4.61033
4.60869
4.60703
4.60538
4.60371
4.60204
4.60036
4.59868
4.59699
4.59529
4.59359
4.59188
4.59017
4.58845
4.58672
4.58499
4.58325
4.58151
4.57976
4.578
4.57624
4.57447
4.5727
4.57092
4.56913
4.56734
4.56554
4.56374
4.56193
4.56011
4.55829
4.55646
4.55463
4.55279
4.55094
4.54909
4.54724
4.54537
4.5435
4.54163
4.53974
4.53786
4.53596
4.53406
4.53216
4.53025
4.52833
4.52641
4.52448
4.52254
4.5206
4.51866
4.51671
4.51475
4.51278
4.51081
4.50884
4.50685
4.50487
4.50287
4.50087
4.49887
4.49686
4.49484
4.49282
4.49079
4.48875
4.48671
4.48467
4.48262
4.48056
4.47849
4.47643
4.47435
4.47227
4.47018
4.46809
4.46599
4.46389
4.46178
4.45966
4.45754
4.45541
4.45328
4.45114
4.449
4.44685
4.44469
4.44253
4.44036
4.43819
4.43601
4.43382
4.43163
4.42944
4.42723
4.42503
4.42281
4.42059
4.41837
4.41614
4.4139
4.41166
4.40941
4.40716
4.4049
4.40264
4.40037
4.39809
4.39581
4.39352
4.39123
4.38893
4.38663
4.38432
4.382
4.37968
4.37735
4.37502
4.37268
4.37034
4.36799
4.36563
4.36327
4.36091
4.35854
4.35616
4.35378
4.35139
4.349
4.3466
4.34419
4.34178
4.33937
4.33694
4.33452
4.33208
4.32965
4.3272
4.32475
4.3223
4.31984
4.31737
4.3149
4.31242
4.30994
4.30745
4.30496
4.30246
4.29996
4.29745
4.29493
4.29241
4.28989
4.28736
4.28482
4.28228
4.27973
4.27718
4.27462
4.27205
4.26948
4.26691
4.26433
4.26174
4.25915
4.25655
4.25395
4.25135
4.24873
4.24611
4.24349
4.24086
4.23823
4.23559
4.23294
4.23029
4.22764
4.22498
4.22231
4.21964
4.21696
4.21428
4.21159
4.2089
4.2062
4.2035
4.20079
4.19808
4.19536
4.19263
4.1899
4.18717
4.18443
4.18168
4.17893
4.17617
4.17341
4.17064
4.16787
4.1651
4.16231
4.15953
4.15673
4.15394
4.15113
4.14832
4.14551
4.14269
4.13987
4.13704
4.1342
4.13136
4.12852
4.12567
4.12281
4.11995
4.11709
4.11422
4.11134
4.10846
4.10558
4.10268
4.09979
4.09689
4.09398
4.09107
4.08815
4.08523
4.0823
4.07937
4.07644
4.07349
4.07055
4.06759
4.06464
4.06168
4.05871
4.05574
4.05276
4.04978
4.04679
4.0438
4.0408
4.0378
4.03479
4.03178
4.02876
4.02574
4.02271
4.01968
4.01664
4.0136
4.01055
4.0075
4.00444
4.00138
3.99831
3.99524
3.99216
3.98908
3.98599
3.9829
3.9798
3.9767
3.97359
3.97048
3.96737
3.96424
3.96112
3.95799
3.95485
3.95171
3.94856
3.94541
3.94226
3.9391
3.93593
3.93276
3.92959
3.92641
3.92322
3.92004
3.91684
3.91364
3.91044
3.90723
3.90402
3.9008
3.89758
3.89435
3.89112
3.88788
3.88464
3.88139
3.87814
3.87488
3.87162
3.86836
3.86509
3.86181
3.85853
3.85525
3.85196
3.84866
3.84536
3.84206
3.83875
3.83544
3.83212
3.8288
3.82547
3.82214
3.81881
3.81546
3.81212
3.80877
3.80541
3.80205
3.79869
3.79532
3.79195
3.78857
3.78519
3.7818
3.77841
3.77501
3.77161
3.76821
3.7648
3.76138
3.75796
3.75454
3.75111
3.74768
3.74424
3.7408
3.73735
3.7339
3.73045
3.72699
3.72352
3.72005
3.71658
3.7131
3.70962
3.70613
3.70264
3.69915
3.69565
3.69214
3.68863
3.68512
3.6816
3.67808
3.67455
3.67102
3.66748
3.66394
3.6604
3.65685
3.65329
3.64974
3.64617
3.64261
3.63904
3.63546
3.63188
3.6283
3.62471
3.62112
3.61752
3.61392
3.61031
3.6067
3.60309
3.59947
3.59584
3.59222
3.58858
3.58495
3.58131
3.57766
3.57401
3.57036
3.5667
3.56304
3.55937
3.5557
3.55203
3.54835
3.54467
3.54098
3.53729
3.53359
3.52989
3.52619
3.52248
3.51877
3.51505
3.51133
3.5076
3.50387
3.50014
3.4964
3.49266
3.48891
3.48516
3.48141
3.47765
3.47389
3.47012
3.46635
3.46257
3.45879
3.45501
3.45122
3.44743
3.44364
3.43984
3.43603
3.43222
3.42841
3.4246
3.42078
3.41695
3.41312
3.40929
3.40546
3.40162
3.39777
3.39392
3.39007
3.38621
3.38235
3.37849
3.37462
3.37075
3.36687
3.36299
3.35911
3.35522
3.35133
3.34743
3.34353
3.33963
3.33572
3.33181
3.32789
3.32397
3.32005
3.31612
3.31219
3.30825
3.30431
3.30037
3.29642
3.29247
3.28851
3.28456
3.28059
3.27663
3.27266
3.26868
3.2647
3.26072
3.25674
3.25275
3.24875
3.24476
3.24075
3.23675
3.23274
3.22873
3.22471
3.22069
3.21667
3.21264
3.20861
3.20458
3.20054
3.19649
3.19245
3.1884
3.18434
3.18029
3.17623
3.17216
3.16809
3.16402
3.15994
3.15586
3.15178
3.14769
3.1436
3.13951
3.13541
3.13131
3.1272
3.12309
3.11898
3.11487
3.11075
3.10662
3.10249
3.09836
3.09423
3.09009
3.08595
3.08181
3.07766
3.0735
3.06935
3.06519
3.06103
3.05686
3.05269
3.04852
3.04434
3.04016
3.03597
3.03179
3.02759
3.0234
3.0192
3.015
3.01079
3.00659
3.00237
2.99816
2.99394
2.98972
2.98549
2.98126
2.97703
2.97279
2.96855
2.96431
2.96006
2.95581
2.95156
2.9473
2.94304
2.93878
2.93451
2.93024
2.92596
2.92169
2.91741
2.91312
2.90883
2.90454
2.90025
2.89595
2.89165
2.88735
2.88304
2.87873
2.87441
2.8701
2.86578
2.86145
2.85712
2.85279
2.84846
2.84412
2.83978
2.83544
2.83109
2.82674
2.82239
2.81803
2.81367
2.80931
2.80494
2.80057
2.7962
2.79182
2.78745
2.78306
2.77868
2.77429
2.7699
2.7655
2.7611
2.7567
2.7523
2.74789
2.74348
2.73906
2.73465
2.73023
2.7258
2.72138
2.71695
2.71251
2.70808
2.70364
2.6992
2.69475
2.69031
2.68585
2.6814
2.67694
2.67248
2.66802
2.66355
2.65908
2.65461
2.65013
2.64566
2.64117
2.63669
2.6322
2.62771
2.62322
2.61872
2.61422
2.60972
2.60521
2.6007
2.59619
2.59168
2.58716
2.58264
2.57812
2.57359
2.56906
2.56453
2.56
2.55546
2.55092
2.54637
2.54183
2.53728
2.53273
2.52817
2.52361
2.51905
2.51449
2.50992
2.50535
2.50078
2.49621
2.49163
2.48705
2.48246
2.47788
2.47329
2.4687
2.4641
2.4595
2.4549
2.4503
2.4457
2.44109
2.43648
2.43186
2.42724
2.42263
2.418
2.41338
2.40875
2.40412
2.39949
2.39485
2.39021
2.38557
2.38093
2.37628
2.37163
2.36698
2.36233
2.35767
2.35301
2.34835
2.34368
2.33901
2.33434
2.32967
2.32499
2.32031
2.31563
2.31095
2.30626
2.30158
2.29688
2.29219
2.28749
2.2828
2.27809
2.27339
2.26868
2.26397
2.25926
2.25455
2.24983
2.24511
2.24039
2.23567
2.23094
2.22621
2.22148
2.21674
2.21201
2.20727
2.20253
2.19778
2.19304
2.18829
2.18354
2.17878
2.17402
2.16927
2.1645
2.15974
2.15498
2.15021
2.14544
2.14066
2.13589
2.13111
2.12633
2.12155
2.11676
2.11197
2.10718
2.10239
2.0976
2.0928
2.088
2.0832
2.0784
2.07359
2.06878
2.06397
2.05916
2.05434
2.04953
2.04471
2.03988
2.03506
2.03023
2.0254
2.02057
2.01574
2.01091
2.00607
2.00123
1.99639
1.99154
1.98669
1.98185
1.97699
1.97214
1.96729
1.96243
1.95757
1.95271
1.94784
1.94298
1.93811
1.93324
1.92837
1.92349
1.91861
1.91374
1.90885
1.90397
1.89909
1.8942
1.88931
1.88442
1.87952
1.87463
1.86973
1.86483
1.85993
1.85503
1.85012
1.84521
1.8403
1.83539
1.83048
1.82556
1.82064
1.81572
1.8108
1.80588
1.80095
1.79602
1.79109
1.78616
1.78123
1.77629
1.77135
1.76641
1.76147
1.75653
1.75158
1.74664
1.74169
1.73674
1.73178
1.72683
1.72187
1.71691
1.71195
1.70699
1.70202
1.69706
1.69209
1.68712
1.68215
1.67718
1.6722
1.66722
1.66224
1.65726
1.65228
1.6473
1.64231
1.63732
1.63233
1.62734
1.62235
1.61735
1.61235
1.60736
1.60236
1.59735
1.59235
1.58734
1.58234
1.57733
1.57232
1.5673
1.56229
1.55727
1.55226
1.54724
1.54222
1.53719
1.53217
1.52714
1.52212
1.51709
1.51205
1.50702
1.50199
1.49695
1.49191
1.48688
1.48184
1.47679
1.47175
1.4667
1.46166
1.45661
1.45156
1.44651
1.44145
1.4364
1.43134
1.42628
1.42122
1.41616
1.4111
1.40604
1.40097
1.3959
1.39083
1.38576
1.38069
1.37562
1.37054
1.36547
1.36039
1.35531
1.35023
1.34515
1.34007
1.33498
1.32989
1.32481
1.31972
1.31463
1.30954
1.30444
1.29935
1.29425
1.28915
1.28405
1.27895
1.27385
1.26875
1.26364
1.25854
1.25343
1.24832
1.24321
1.2381
1.23299
1.22788
1.22276
1.21764
1.21253
1.20741
1.20229
1.19716
1.19204
1.18692
1.18179
1.17667
1.17154
1.16641
1.16128
1.15615
1.15101
1.14588
1.14074
1.13561
1.13047
1.12533
1.12019
1.11505
1.1099
1.10476
1.09962
1.09447
1.08932
1.08417
1.07902
1.07387
1.06872
1.06357
1.05841
1.05326
1.0481
1.04294
1.03779
1.03263
1.02746
1.0223
1.01714
1.01198
1.00681
1.00164
0.996476
0.991307
0.986138
0.980967
0.975796
0.970623
0.965449
0.960274
0.955099
0.949922
0.944744
0.939565
0.934386
0.929205
0.924023
0.91884
0.913657
0.908472
0.903286
0.8981
0.892912
0.887723
0.882534
0.877344
0.872152
0.86696
0.861767
0.856573
0.851378
0.846182
0.840985
0.835788
0.830589
0.82539
0.820189
0.814988
0.809786
0.804583
0.79938
0.794175
0.78897
0.783763
0.778556
0.773348
0.76814
0.76293
0.75772
0.752509
0.747297
0.742084
0.736871
0.731656
0.726441
0.721226
0.716009
0.710792
0.705574
0.700355
0.695135
0.689915
0.684694
0.679472
0.67425
0.669027
0.663803
0.658578
0.653353
0.648127
0.642901
0.637673
0.632445
0.627217
0.621988
0.616758
0.611527
0.606296
0.601064
0.595832
0.590599
0.585365
0.580131
0.574896
0.56966
0.564424
0.559187
0.55395
0.548712
0.543474
0.538235
0.532995
0.527755
0.522514
0.517273
0.512031
0.506789
0.501546
0.496303
0.491059
0.485814
0.480569
0.475324
0.470078
0.464832
0.459585
0.454338
0.44909
0.443841
0.438593
0.433343
0.428094
0.422844
0.417593
0.412342
0.407091
0.401839
0.396587
0.391334
0.386081
0.380827
0.375574
0.370319
0.365065
0.35981
0.354554
0.349299
0.344042
0.338786
0.333529
0.328272
0.323014
0.317757
0.312498
0.30724
0.301981
0.296722
0.291462
0.286203
0.280943
0.275682
0.270422
0.265161
0.2599
0.254638
0.249376
0.244115
0.238852
0.23359
0.228327
0.223064
0.217801
0.212538
0.207274
0.20201
0.196746
0.191482
0.186218
0.180953
0.175688
0.170423
0.165158
0.159893
0.154627
0.149362
0.144096
0.13883
0.133564
0.128297
0.123031
0.117765
0.112498
0.107231
0.101964
0.0966974
0.0914304
0.0861632
0.080896
0.0756287
0.0703613
0.0650939
0.0598263
0.0545587
0.0492911
0.0440234
0.0387557
0.0334879
0.0282201
0.0229522
0.0176844
0.0124165
0.00714861
0.00188071
-0.00338719
-0.00865509
-0.013923
-0.0191908
-0.0244587
-0.0297265
-0.0349943
-0.0402621
-0.0455298
-0.0507975
-0.0560651
-0.0613327
-0.0666002
-0.0718676
-0.0771349
-0.0824022
-0.0876694
-0.0929365
-0.0982035
-0.10347
-0.108737
-0.114004
-0.11927
-0.124537
-0.129803
-0.135069
-0.140336
-0.145601
-0.150867
-0.156133
-0.161398
-0.166663
-0.171929
-0.177194
-0.182458
-0.187723
-0.192987
-0.198251
-0.203515
-0.208779
-0.214043
-0.219306
-0.224569
-0.229832
-0.235095
-0.240357
-0.245619
-0.250881
-0.256143
-0.261404
-0.266665
-0.271926
-0.277187
-0.282447
-0.287707
-0.292967
-0.298226
-0.303485
-0.308744
-0.314002
-0.319261
-0.324518
-0.329776
-0.335033
-0.34029
-0.345546
-0.350802
-0.356058
-0.361314
-0.366569
-0.371823
-0.377078
-0.382332
-0.387585
-0.392838
-0.398091
-0.403343
-0.408595
-0.413846
-0.419098
-0.424348
-0.429598
-0.434848
-0.440097
-0.445346
-0.450595
-0.455843
-0.46109
-0.466337
-0.471584
-0.47683
-0.482075
-0.48732
-0.492565
-0.497809
-0.503053
-0.508296
-0.513538
-0.51878
-0.524022
-0.529263
-0.534503
-0.539743
-0.544982
-0.550221
-0.555459
-0.560697
-0.565934
-0.571171
-0.576406
-0.581642
-0.586877
-0.592111
-0.597344
-0.602577
-0.607809
-0.613041
-0.618272
-0.623503
-0.628733
-0.633962
-0.63919
-0.644418
-0.649645
-0.654872
-0.660098
-0.665323
-0.670548
-0.675771
-0.680995
-0.686217
-0.691439
-0.69666
-0.70188
-0.7071
-0.712319
-0.717537
-0.722755
-0.727971
-0.733187
-0.738403
-0.743617
-0.748831
-0.754044
-0.759256
-0.764468
-0.769678
-0.774888
-0.780097
-0.785306
-0.790513
-0.79572
-0.800926
-0.806131
-0.811335
-0.816539
-0.821742
-0.826943
-0.832144
-0.837344
-0.842544
-0.847742
-0.85294
-0.858136
-0.863332
-0.868527
-0.873721
-0.878914
-0.884107
-0.889298
-0.894489
-0.899678
-0.904867
-0.910055
-0.915241
-0.920427
-0.925612
-0.930796
-0.935979
-0.941161
-0.946343
-0.951523
-0.956702
-0.96188
-0.967058
-0.972234
-0.977409
-0.982584
-0.987757
-0.992929
-0.998101
-1.00327
-1.00844
-1.01361
-1.01878
-1.02394
-1.02911
-1.03427
-1.03943
-1.0446
-1.04976
-1.05492
-1.06008
-1.06523
-1.07039
-1.07555
-1.0807
-1.08585
-1.09101
-1.09616
-1.10131
-1.10646
-1.11161
-1.11675
-1.1219
-1.12704
-1.13219
-1.13733
-1.14247
-1.14761
-1.15275
-1.15789
-1.16302
-1.16816
-1.17329
-1.17842
-1.18356
-1.18869
-1.19382
-1.19894
-1.20407
-1.2092
-1.21432
-1.21944
-1.22457
-1.22969
-1.23481
-1.23992
-1.24504
-1.25016
-1.25527
-1.26039
-1.2655
-1.27061
-1.27572
-1.28083
-1.28593
-1.29104
-1.29614
-1.30125
-1.30635
-1.31145
-1.31655
-1.32164
-1.32674
-1.33183
-1.33693
-1.34202
-1.34711
-1.3522
-1.35729
-1.36238
-1.36746
-1.37255
-1.37763
-1.38271
-1.38779
-1.39287
-1.39795
-1.40302
-1.4081
-1.41317
-1.41824
-1.42331
-1.42838
-1.43345
-1.43851
-1.44357
-1.44864
-1.4537
-1.45876
-1.46382
-1.46887
-1.47393
-1.47898
-1.48404
-1.48909
-1.49414
-1.49918
-1.50423
-1.50928
-1.51432
-1.51936
-1.5244
-1.52944
-1.53448
-1.53951
-1.54455
-1.54958
-1.55461
-1.55964
-1.56467
-1.5697
-1.57472
-1.57974
-1.58476
-1.58978
-1.5948
-1.59982
-1.60484
-1.60985
-1.61486
-1.61987
-1.62488
-1.62989
-1.63489
-1.6399
-1.6449
-1.6499
-1.6549
-1.65989
-1.66489
-1.66988
-1.67488
-1.67987
-1.68486
-1.68984
-1.69483
-1.69981
-1.70479
-1.70977
-1.71475
-1.71973
-1.7247
-1.72968
-1.73465
-1.73962
-1.74459
-1.74955
-1.75452
-1.75948
-1.76444
-1.7694
-1.77436
-1.77932
-1.78427
-1.78922
-1.79417
-1.79912
-1.80407
-1.80901
-1.81396
-1.8189
-1.82384
-1.82877
-1.83371
-1.83864
-1.84358
-1.84851
-1.85343
-1.85836
-1.86329
-1.86821
-1.87313
-1.87805
-1.88297
-1.88788
-1.89279
-1.89771
-1.90262
-1.90752
-1.91243
-1.91733
-1.92224
-1.92714
-1.93203
-1.93693
-1.94182
-1.94672
-1.95161
-1.95649
-1.96138
-1.96627
-1.97115
-1.97603
-1.98091
-1.98578
-1.99066
-1.99553
-2.0004
-2.00527
-2.01014
-2.015
-2.01986
-2.02472
-2.02958
-2.03444
-2.03929
-2.04414
-2.049
-2.05384
-2.05869
-2.06353
-2.06838
-2.07322
-2.07805
-2.08289
-2.08772
-2.09255
-2.09738
-2.10221
-2.10704
-2.11186
-2.11668
-2.1215
-2.12632
-2.13113
-2.13594
-2.14075
-2.14556
-2.15037
-2.15517
-2.15997
-2.16477
-2.16957
-2.17437
-2.17916
-2.18395
-2.18874
-2.19353
-2.19831
-2.20309
-2.20787
-2.21265
-2.21743
-2.2222
-2.22697
-2.23174
-2.23651
-2.24127
-2.24603
-2.25079
-2.25555
-2.2603
-2.26506
-2.26981
-2.27456
-2.2793
-2.28405
-2.28879
-2.29353
-2.29827
-2.303
-2.30773
-2.31246
-2.31719
-2.32192
-2.32664
-2.33136
-2.33608
-2.3408
-2.34551
-2.35022
-2.35493
-2.35964
-2.36434
-2.36904
-2.37374
-2.37844
-2.38314
-2.38783
-2.39252
-2.39721
-2.40189
-2.40657
-2.41126
-2.41593
-2.42061
-2.42528
-2.42995
-2.43462
-2.43929
-2.44395
-2.44861
-2.45327
-2.45793
-2.46258
-2.46723
-2.47188
-2.47653
-2.48117
-2.48581
-2.49045
-2.49509
-2.49972
-2.50435
-2.50898
-2.51361
-2.51823
-2.52285
-2.52747
-2.53209
-2.5367
-2.54132
-2.54592
-2.55053
-2.55513
-2.55973
-2.56433
-2.56893
-2.57352
-2.57811
-2.5827
-2.58729
-2.59187
-2.59645
-2.60103
-2.6056
-2.61018
-2.61475
-2.61931
-2.62388
-2.62844
-2.633
-2.63756
-2.64211
-2.64666
-2.65121
-2.65576
-2.6603
-2.66484
-2.66938
-2.67392
-2.67845
-2.68298
-2.68751
-2.69204
-2.69656
-2.70108
-2.70559
-2.71011
-2.71462
-2.71913
-2.72364
-2.72814
-2.73264
-2.73714
-2.74163
-2.74613
-2.75062
-2.7551
-2.75959
-2.76407
-2.76855
-2.77302
-2.7775
-2.78197
-2.78643
-2.7909
-2.79536
-2.79982
-2.80428
-2.80873
-2.81318
-2.81763
-2.82207
-2.82652
-2.83096
-2.83539
-2.83983
-2.84426
-2.84869
-2.85311
-2.85754
-2.86196
-2.86637
-2.87079
-2.8752
-2.87961
-2.88401
-2.88841
-2.89281
-2.89721
-2.9016
-2.906
-2.91038
-2.91477
-2.91915
-2.92353
-2.92791
-2.93228
-2.93665
-2.94102
-2.94538
-2.94975
-2.95411
-2.95846
-2.96281
-2.96716
-2.97151
-2.97586
-2.9802
-2.98454
-2.98887
-2.9932
-2.99753
-3.00186
-3.00618
-3.0105
-3.01482
-3.01913
-3.02344
-3.02775
-3.03206
-3.03636
-3.04066
-3.04496
-3.04925
-3.05354
-3.05783
-3.06211
-3.06639
-3.07067
-3.07494
-3.07922
-3.08348
-3.08775
-3.09201
-3.09627
-3.10053
-3.10478
-3.10903
-3.11328
-3.11752
-3.12176
-3.126
-3.13024
-3.13447
-3.1387
-3.14292
-3.14714
-3.15136
-3.15558
-3.15979
-3.164
-3.16821
-3.17241
-3.17661
-3.18081
-3.185
-3.18919
-3.19338
-3.19756
-3.20175
-3.20592
-3.2101
-3.21427
-3.21844
-3.2226
-3.22676
-3.23092
-3.23508
-3.23923
-3.24338
-3.24753
-3.25167
-3.25581
-3.25994
-3.26408
-3.26821
-3.27233
-3.27645
-3.28057
-3.28469
-3.2888
-3.29291
-3.29702
-3.30112
-3.30522
-3.30932
-3.31341
-3.3175
-3.32159
-3.32567
-3.32975
-3.33383
-3.3379
-3.34197
-3.34604
-3.3501
-3.35417
-3.35822
-3.36228
-3.36633
-3.37037
-3.37442
-3.37846
-3.38249
-3.38653
-3.39056
-3.39458
-3.39861
-3.40263
-3.40664
-3.41065
-3.41466
-3.41867
-3.42267
-3.42667
-3.43067
-3.43466
-3.43865
-3.44264
-3.44662
-3.4506
-3.45457
-3.45854
-3.46251
-3.46648
-3.47044
-3.4744
-3.47835
-3.4823
-3.48625
-3.49019
-3.49413
-3.49807
-3.502
-3.50594
-3.50986
-3.51378
-3.5177
-3.52162
-3.52553
-3.52944
-3.53335
-3.53725
-3.54115
-3.54504
-3.54894
-3.55282
-3.55671
-3.56059
-3.56447
-3.56834
-3.57221
-3.57608
-3.57994
-3.5838
-3.58765
-3.59151
-3.59535
-3.5992
-3.60304
-3.60688
-3.61071
-3.61454
-3.61837
-3.62219
-3.62601
-3.62983
-3.63364
-3.63745
-3.64126
-3.64506
-3.64886
-3.65265
-3.65644
-3.66023
-3.66401
-3.66779
-3.67157
-3.67534
-3.67911
-3.68287
-3.68663
-3.69039
-3.69415
-3.6979
-3.70164
-3.70539
-3.70913
-3.71286
-3.71659
-3.72032
-3.72404
-3.72777
-3.73148
-3.7352
-3.7389
-3.74261
-3.74631
-3.75001
-3.7537
-3.75739
-3.76108
-3.76476
-3.76844
-3.77212
-3.77579
-3.77946
-3.78312
-3.78678
-3.79044
-3.79409
-3.79774
-3.80139
-3.80503
-3.80867
-3.8123
-3.81593
-3.81956
-3.82318
-3.8268
-3.83041
-3.83402
-3.83763
-3.84123
-3.84483
-3.84843
-3.85202
-3.85561
-3.85919
-3.86277
-3.86635
-3.86992
-3.87349
-3.87705
-3.88061
-3.88417
-3.88772
-3.89127
-3.89481
-3.89836
-3.90189
-3.90543
-3.90895
-3.91248
-3.916
-3.91952
-3.92303
-3.92654
-3.93005
-3.93355
-3.93705
-3.94054
-3.94403
-3.94752
-3.951
-3.95448
-3.95795
-3.96142
-3.96489
-3.96835
-3.97181
-3.97526
-3.97871
-3.98216
-3.9856
-3.98904
-3.99247
-3.9959
-3.99933
-4.00275
-4.00617
-4.00958
-4.01299
-4.0164
-4.0198
-4.0232
-4.02659
-4.02998
-4.03337
-4.03675
-4.04013
-4.0435
-4.04687
-4.05023
-4.0536
-4.05695
-4.06031
-4.06366
-4.067
-4.07034
-4.07368
-4.07701
-4.08034
-4.08366
-4.08698
-4.0903
-4.09361
-4.09692
-4.10022
-4.10352
-4.10682
-4.11011
-4.1134
-4.11668
-4.11996
-4.12324
-4.12651
-4.12977
-4.13303
-4.13629
-4.13955
-4.1428
-4.14604
-4.14928
-4.15252
-4.15575
-4.15898
-4.16221
-4.16543
-4.16865
-4.17186
-4.17507
-4.17827
-4.18147
-4.18466
-4.18785
-4.19104
-4.19422
-4.1974
-4.20058
-4.20375
-4.20691
-4.21007
-4.21323
-4.21638
-4.21953
-4.22268
-4.22582
-4.22895
-4.23208
-4.23521
-4.23833
-4.24145
-4.24457
-4.24768
-4.25078
-4.25388
-4.25698
-4.26007
-4.26316
-4.26625
-4.26933
-4.2724
-4.27547
-4.27854
-4.2816
-4.28466
-4.28772
-4.29077
-4.29381
-4.29685
-4.29989
-4.30292
-4.30595
-4.30897
-4.31199
-4.31501
-4.31802
-4.32102
-4.32402
-4.32702
-4.33001
-4.333
-4.33599
-4.33897
-4.34194
-4.34491
-4.34788
-4.35084
-4.3538
-4.35675
-4.3597
-4.36264
-4.36558
-4.36852
-4.37145
-4.37438
-4.3773
-4.38022
-4.38313
-4.38604
-4.38894
-4.39184
-4.39474
-4.39763
-4.40052
-4.4034
-4.40628
-4.40915
-4.41202
-4.41488
-4.41774
-4.4206
-4.42345
-4.42629
-4.42914
-4.43197
-4.43481
-4.43763
-4.44046
-4.44328
-4.44609
-4.4489
-4.45171
-4.45451
-4.4573
-4.4601
-4.46288
-4.46567
-4.46844
-4.47122
-4.47399
-4.47675
-4.47951
-4.48227
-4.48502
-4.48776
-4.49051
-4.49324
-4.49598
-4.4987
-4.50143
-4.50415
-4.50686
-4.50957
-4.51228
-4.51498
-4.51767
-4.52036
-4.52305
-4.52573
-4.52841
-4.53108
-4.53375
-4.53641
-4.53907
-4.54173
-4.54438
-4.54702
-4.54966
-4.5523
-4.55493
-4.55755
-4.56018
-4.56279
-4.5654
-4.56801
-4.57062
-4.57321
-4.57581
-4.5784
-4.58098
-4.58356
-4.58614
-4.58871
-4.59127
-4.59383
-4.59639
-4.59894
-4.60149
-4.60403
-4.60657
-4.6091
-4.61163
-4.61415
-4.61667
-4.61918
-4.62169
-4.62419
-4.62669
-4.62919
-4.63168
-4.63416
-4.63664
-4.63912
-4.64159
-4.64406
-4.64652
-4.64898
-4.65143
-4.65387
-4.65632
-4.65875
-4.66119
-4.66361
-4.66604
-4.66846
-4.67087
-4.67328
-4.67568
-4.67808
-4.68048
-4.68287
-4.68525
-4.68763
-4.69001
-4.69238
-4.69474
-4.6971
-4.69946
-4.70181
-4.70416
-4.7065
-4.70884
-4.71117
-4.71349
-4.71582
-4.71813
-4.72045
-4.72275
-4.72506
-4.72735
-4.72965
-4.73193
-4.73422
-4.7365
-4.73877
-4.74104
-4.7433
-4.74556
-4.74782
-4.75006
-4.75231
-4.75455
-4.75678
-4.75901
-4.76124
-4.76346
-4.76567
-4.76788
-4.77009
-4.77229
-4.77448
-4.77667
-4.77886
-4.78104
-4.78321
-4.78538
-4.78755
-4.78971
-4.79186
-4.79401
-4.79616
-4.7983
-4.80044
-4.80257
-4.80469
-4.80681
-4.80893
-4.81104
-4.81315
-4.81525
-4.81735
-4.81944
-4.82152
-4.8236
-4.82568
-4.82775
-4.82982
-4.83188
-4.83394
-4.83599
-4.83803
-4.84007
-4.84211
-4.84414
-4.84617
-4.84819
-4.8502
-4.85222
-4.85422
-4.85622
-4.85822
-4.86021
-4.8622
-4.86418
-4.86615
-4.86812
-4.87009
-4.87205
-4.87401
-4.87596
-4.8779
-4.87984
-4.88178
-4.88371
-4.88564
-4.88756
-4.88947
-4.89138
-4.89329
-4.89519
-4.89708
-4.89897
-4.90086
-4.90274
-4.90461
-4.90648
-4.90834
-4.9102
-4.91206
-4.91391
-4.91575
-4.91759
-4.91942
-4.92125
-4.92308
-4.92489
-4.92671
-4.92852
-4.93032
-4.93212
-4.93391
-4.9357
-4.93748
-4.93926
-4.94103
-4.9428
-4.94456
-4.94632
-4.94807
-4.94981
-4.95156
-4.95329
-4.95502
-4.95675
-4.95847
-4.96019
-4.9619
-4.9636
-4.9653
-4.967
-4.96869
-4.97037
-4.97205
-4.97372
-4.97539
-4.97706
-4.97871
-4.98037
-4.98202
-4.98366
-4.9853
-4.98693
-4.98856
-4.99018
-4.99179
-4.99341
-4.99501
-4.99661
-4.99821
-4.9998
-5.00139
-5.00297
-5.00454
-5.00611
-5.00768
-5.00924
-5.01079
-5.01234
-5.01388
-5.01542
-5.01695
-5.01848
-5.02
-5.02152
-5.02303
-5.02454
-5.02604
-5.02754
-5.02903
-5.03051
-5.03199
-5.03347
-5.03494
-5.0364
-5.03786
-5.03932
-5.04077
-5.04221
-5.04365
-5.04508
-5.04651
-5.04793
-5.04935
-5.05076
-5.05216
-5.05357
-5.05496
-5.05635
-5.05774
-5.05912
-5.06049
-5.06186
-5.06322
-5.06458
-5.06594
-5.06728
-5.06863
-5.06996
-5.07129
-5.07262
-5.07394
-5.07526
-5.07657
-5.07787
-5.07917
-5.08047
-5.08176
-5.08304
-5.08432
-5.08559
-5.08686
-5.08812
-5.08938
-5.09063
-5.09187
-5.09311
-5.09435
-5.09558
-5.0968
-5.09802
-5.09924
-5.10044
-5.10165
-5.10284
-5.10404
-5.10522
-5.1064
-5.10758
-5.10875
-5.10992
-5.11108
-5.11223
-5.11338
-5.11452
-5.11566
-5.11679
-5.11792
-5.11904
-5.12016
-5.12127
-5.12237
-5.12347
-5.12457
-5.12566
-5.12674
-5.12782
-5.12889
-5.12996
-5.13102
-5.13208
-5.13313
-5.13417
-5.13521
-5.13625
-5.13728
-5.1383
-5.13932
-5.14033
-5.14134
-5.14234
-5.14334
-5.14433
-5.14531
-5.14629
-5.14727
-5.14824
-5.1492
-5.15016
-5.15111
-5.15206
-5.153
-5.15394
-5.15487
-5.15579
-5.15671
-5.15762
-5.15853
-5.15944
-5.16033
-5.16123
-5.16211
-5.16299
-5.16387
-5.16474
-5.1656
-5.16646
-5.16732
-5.16816
-5.16901
-5.16984
-5.17067
-5.1715
-5.17232
-5.17313
-5.17394
-5.17475
-5.17555
-5.17634
-5.17713
-5.17791
-5.17868
-5.17945
-5.18022
-5.18098
-5.18173
-5.18248
-5.18322
-5.18396
-5.18469
-5.18542
-5.18614
-5.18685
-5.18756
-5.18826
-5.18896
-5.18965
-5.19034
-5.19102
-5.1917
-5.19237
-5.19303
-5.19369
-5.19434
-5.19499
-5.19563
-5.19627
-5.1969
-5.19753
-5.19815
-5.19876
-5.19937
-5.19997
-5.20057
-5.20116
-5.20175
-5.20233
-5.2029
-5.20347
-5.20404
-5.2046
-5.20515
-5.2057
-5.20624
-5.20677
-5.2073
-5.20783
-5.20835
-5.20886
-5.20937
-5.20987
-5.21036
-5.21085
-5.21134
-5.21182
-5.21229
-5.21276
-5.21322
-5.21368
-5.21413
-5.21458
-5.21502
-5.21545
-5.21588
-5.2163
-5.21672
-5.21713
-5.21754
-5.21794
-5.21833
-5.21872
-5.2191
-5.21948
-5.21985
-5.22022
-5.22058
-5.22093
-5.22128
-5.22163
-5.22196
-5.2223
-5.22262
-5.22294
-5.22326
-5.22357
-5.22387
-5.22417
-5.22446
-5.22475
-5.22503
-5.22531
-5.22558
-5.22584
-5.2261
-5.22635
-5.2266
-5.22684
-5.22707
-5.2273
-5.22753
-5.22775
-5.22796
-5.22816
-5.22837
-5.22856
-5.22875
-5.22893
-5.22911
-5.22929
-5.22945
-5.22961
-5.22977
-5.22992
-5.23006
-5.2302
-5.23033
-5.23046
-5.23058
-5.2307
-5.23081
-5.23091
-5.23101
-5.2311
-5.23119
-5.23127
-5.23134
-5.23141
-5.23147
-5.23153
-5.23158
-5.23163
-5.23167
-5.23171
-5.23174
-5.23176
-5.23178
-5.23179
-5.23179
-5.23179
-5.23179
-5.23178
-5.23176
-5.23174
-5.23171
-5.23168
-5.23164
-5.23159
-5.23154
-5.23148
-5.23142
-5.23135
-5.23127
-5.23119
-5.23111
-5.23102
-5.23092
-5.23081
-5.23071
-5.23059
-5.23047
-5.23034
-5.23021
-5.23007
-5.22993
-5.22978
-5.22962
-5.22946
-5.22929
-5.22912
-5.22894
-5.22876
-5.22857
-5.22837
-5.22817
-5.22796
-5.22775
-5.22753
-5.2273
-5.22707
-5.22684
-5.22659
-5.22635
-5.22609
-5.22583
-5.22557
-5.22529
-5.22502
-5.22473
-5.22445
-5.22415
-5.22385
-5.22354
-5.22323
-5.22291
-5.22259
-5.22226
-5.22192
-5.22158
-5.22124
-5.22088
-5.22052
-5.22016
-5.21979
-5.21941
-5.21903
-5.21864
-5.21825
-5.21785
-5.21745
-5.21703
-5.21662
-5.21619
-5.21577
-5.21533
-5.21489
-5.21445
-5.21399
-5.21354
-5.21307
-5.2126
-5.21213
-5.21165
-5.21116
-5.21067
-5.21017
-5.20966
-5.20915
-5.20864
-5.20812
-5.20759
-5.20706
-5.20652
-5.20597
-5.20542
-5.20486
-5.2043
-5.20373
-5.20316
-5.20258
-5.20199
-5.2014
-5.2008
-5.2002
-5.19959
-5.19897
-5.19835
-5.19772
-5.19709
-5.19645
-5.19581
-5.19516
-5.1945
-5.19384
-5.19317
-5.1925
-5.19182
-5.19113
-5.19044
-5.18975
-5.18904
-5.18833
-5.18762
-5.1869
-5.18617
-5.18544
-5.1847
-5.18396
-5.18321
-5.18245
-5.18169
-5.18092
-5.18015
-5.17937
-5.17859
-5.1778
-5.177
-5.1762
-5.17539
-5.17457
-5.17375
-5.17293
-5.1721
-5.17126
-5.17042
-5.16957
-5.16871
-5.16785
-5.16698
-5.16611
-5.16523
-5.16435
-5.16346
-5.16256
-5.16166
-5.16075
-5.15984
-5.15892
-5.15799
-5.15706
-5.15612
-5.15518
-5.15423
-5.15328
-5.15232
-5.15135
-5.15038
-5.1494
-5.14842
-5.14743
-5.14643
-5.14543
-5.14442
-5.14341
-5.14239
-5.14136
-5.14033
-5.1393
-5.13825
-5.1372
-5.13615
-5.13509
-5.13402
-5.13295
-5.13187
-5.13079
-5.1297
-5.12861
-5.1275
-5.1264
-5.12528
-5.12417
-5.12304
-5.12191
-5.12077
-5.11963
-5.11848
-5.11733
-5.11617
-5.115
-5.11383
-5.11265
-5.11147
-5.11028
-5.10909
-5.10789
-5.10668
-5.10547
-5.10425
-5.10302
-5.10179
-5.10056
-5.09932
-5.09807
-5.09681
-5.09556
-5.09429
-5.09302
-5.09174
-5.09046
-5.08917
-5.08788
-5.08658
-5.08527
-5.08396
-5.08264
-5.08131
-5.07998
-5.07865
-5.07731
-5.07596
-5.07461
-5.07325
-5.07188
-5.07051
-5.06914
-5.06775
-5.06637
-5.06497
-5.06357
-5.06217
-5.06075
-5.05934
-5.05791
-5.05648
-5.05505
-5.05361
-5.05216
-5.05071
-5.04925
-5.04778
-5.04631
-5.04484
-5.04336
-5.04187
-5.04037
-5.03888
-5.03737
-5.03586
-5.03434
-5.03282
-5.03129
-5.02976
-5.02822
-5.02667
-5.02512
-5.02356
-5.022
-5.02043
-5.01885
-5.01727
-5.01568
-5.01409
-5.01249
-5.01089
-5.00928
-5.00766
-5.00604
-5.00441
-5.00277
-5.00114
-4.99949
-4.99784
-4.99618
-4.99452
-4.99285
-4.99117
-4.98949
-4.98781
-4.98612
-4.98442
-4.98271
-4.981
-4.97929
-4.97757
-4.97584
-4.97411
-4.97237
-4.97062
-4.96887
-4.96712
-4.96536
-4.96359
-4.96181
-4.96003
-4.95825
-4.95646
-4.95466
-4.95286
-4.95105
-4.94924
-4.94742
-4.94559
-4.94376
-4.94192
-4.94008
-4.93823
-4.93637
-4.93451
-4.93264
-4.93077
-4.92889
-4.92701
-4.92512
-4.92322
-4.92132
-4.91941
-4.9175
-4.91558
-4.91366
-4.91173
-4.90979
-4.90785
-4.9059
-4.90395
-4.90199
-4.90002
-4.89805
-4.89607
-4.89409
-4.8921
-4.89011
-4.88811
-4.8861
-4.88409
-4.88207
-4.88005
-4.87802
-4.87599
-4.87395
-4.8719
-4.86985
-4.86779
-4.86573
-4.86366
-4.86158
-4.8595
-4.85741
-4.85532
-4.85322
-4.85112
-4.84901
-4.84689
-4.84477
-4.84265
-4.84051
-4.83837
-4.83623
-4.83408
-4.83192
-4.82976
-4.82759
-4.82542
-4.82324
-4.82106
-4.81887
-4.81667
-4.81447
-4.81226
-4.81005
-4.80783
-4.8056
-4.80337
-4.80114
-4.79889
-4.79665
-4.79439
-4.79213
-4.78987
-4.7876
-4.78532
-4.78304
-4.78075
-4.77846
-4.77616
-4.77385
-4.77154
-4.76922
-4.7669
-4.76457
-4.76224
-4.7599
-4.75756
-4.7552
-4.75285
-4.75049
-4.74812
-4.74574
-4.74336
-4.74098
-4.73859
-4.73619
-4.73379
-4.73138
-4.72897
-4.72655
-4.72412
-4.72169
-4.71926
-4.71681
-4.71437
-4.71191
-4.70945
-4.70699
-4.70452
-4.70204
-4.69956
-4.69707
-4.69458
-4.69208
-4.68957
-4.68706
-4.68455
-4.68203
-4.6795
-4.67696
-4.67443
-4.67188
-4.66933
-4.66678
-4.66421
-4.66165
-4.65907
-4.6565
-4.65391
-4.65132
-4.64873
-4.64613
-4.64352
-4.64091
-4.63829
-4.63567
-4.63304
-4.6304
-4.62776
-4.62512
-4.62246
-4.61981
-4.61714
-4.61447
-4.6118
-4.60912
-4.60644
-4.60374
-4.60105
-4.59834
-4.59564
-4.59292
-4.5902
-4.58748
-4.58475
-4.58201
-4.57927
-4.57652
-4.57377
-4.57101
-4.56825
-4.56548
-4.5627
-4.55992
-4.55714
-4.55435
-4.55155
-4.54874
-4.54594
-4.54312
-4.5403
-4.53748
-4.53465
-4.53181
-4.52897
-4.52612
-4.52327
-4.52041
-4.51754
-4.51467
-4.5118
-4.50892
-4.50603
-4.50314
-4.50024
-4.49734
-4.49443
-4.49151
-4.48859
-4.48567
-4.48274
-4.4798
-4.47686
-4.47391
-4.47096
-4.468
-4.46504
-4.46207
-4.45909
-4.45611
-4.45312
-4.45013
-4.44714
-4.44413
-4.44112
-4.43811
-4.43509
-4.43207
-4.42904
-4.426
-4.42296
-4.41991
-4.41686
-4.4138
-4.41074
-4.40767
-4.4046
-4.40152
-4.39843
-4.39534
-4.39225
-4.38915
-4.38604
-4.38293
-4.37981
-4.37668
-4.37356
-4.37042
-4.36728
-4.36414
-4.36099
-4.35783
-4.35467
-4.3515
-4.34833
-4.34515
-4.34197
-4.33878
-4.33559
-4.33239
-4.32918
-4.32597
-4.32276
-4.31954
-4.31631
-4.31308
-4.30984
-4.3066
-4.30335
-4.3001
-4.29684
-4.29357
-4.2903
-4.28703
-4.28375
-4.28046
-4.27717
-4.27388
-4.27057
-4.26727
-4.26395
-4.26064
-4.25731
-4.25398
-4.25065
-4.24731
-4.24397
-4.24062
-4.23726
-4.2339
-4.23053
-4.22716
-4.22379
-4.2204
-4.21702
-4.21362
-4.21023
-4.20682
-4.20341
-4.2
-4.19658
-4.19316
-4.18973
-4.18629
-4.18285
-4.1794
-4.17595
-4.1725
-4.16904
-4.16557
-4.1621
-4.15862
-4.15514
-4.15165
-4.14816
-4.14466
-4.14115
-4.13764
-4.13413
-4.13061
-4.12709
-4.12356
-4.12002
-4.11648
-4.11294
-4.10938
-4.10583
-4.10227
-4.0987
-4.09513
-4.09155
-4.08797
-4.08438
-4.08079
-4.07719
-4.07359
-4.06998
-4.06637
-4.06275
-4.05913
-4.0555
-4.05186
-4.04822
-4.04458
-4.04093
-4.03728
-4.03362
-4.02995
-4.02628
-4.0226
-4.01892
-4.01524
-4.01155
-4.00785
-4.00415
-4.00045
-3.99673
-3.99302
-3.9893
-3.98557
-3.98184
-3.9781
-3.97436
-3.97061
-3.96686
-3.9631
-3.95934
-3.95557
-3.9518
-3.94802
-3.94424
-3.94045
-3.93666
-3.93286
-3.92906
-3.92525
-3.92144
-3.91762
-3.9138
-3.90997
-3.90614
-3.9023
-3.89846
-3.89461
-3.89076
-3.8869
-3.88303
-3.87917
-3.87529
-3.87141
-3.86753
-3.86364
-3.85975
-3.85585
-3.85195
-3.84804
-3.84413
-3.84021
-3.83629
-3.83236
-3.82843
-3.82449
-3.82055
-3.8166
-3.81264
-3.80869
-3.80472
-3.80076
-3.79678
-3.79281
-3.78882
-3.78484
-3.78085
-3.77685
-3.77285
-3.76884
-3.76483
-3.76081
-3.75679
-3.75276
-3.74873
-3.7447
-3.74066
-3.73661
-3.73256
-3.7285
-3.72444
-3.72038
-3.71631
-3.71223
-3.70815
-3.70407
-3.69998
-3.69588
-3.69178
-3.68768
-3.68357
-3.67946
-3.67534
-3.67122
-3.66709
-3.66296
-3.65882
-3.65468
-3.65053
-3.64638
-3.64222
-3.63806
-3.63389
-3.62972
-3.62555
-3.62137
-3.61718
-3.61299
-3.6088
-3.6046
-3.60039
-3.59618
-3.59197
-3.58775
-3.58353
-3.5793
-3.57507
-3.57083
-3.56659
-3.56234
-3.55809
-3.55384
-3.54958
-3.54531
-3.54104
-3.53677
-3.53249
-3.52821
-3.52392
-3.51962
-3.51533
-3.51102
-3.50672
-3.5024
-3.49809
-3.49377
-3.48944
-3.48511
-3.48078
-3.47644
-3.47209
-3.46775
-3.46339
-3.45904
-3.45467
-3.45031
-3.44594
-3.44156
-3.43718
-3.43279
-3.42841
-3.42401
-3.41961
-3.41521
-3.4108
-3.40639
-3.40197
-3.39755
-3.39313
-3.3887
-3.38426
-3.37982
-3.37538
-3.37093
-3.36648
-3.36202
-3.35756
-3.35309
-3.34862
-3.34415
-3.33967
-3.33518
-3.3307
-3.3262
-3.32171
-3.3172
-3.3127
-3.30819
-3.30367
-3.29915
-3.29463
-3.2901
-3.28557
-3.28103
-3.27649
-3.27195
-3.2674
-3.26284
-3.25828
-3.25372
-3.24915
-3.24458
-3.24001
-3.23543
-3.23084
-3.22625
-3.22166
-3.21706
-3.21246
-3.20785
-3.20324
-3.19863
-3.19401
-3.18938
-3.18476
-3.18012
-3.17549
-3.17085
-3.1662
-3.16155
-3.1569
-3.15224
-3.14758
-3.14292
-3.13825
-3.13357
-3.12889
-3.12421
-3.11952
-3.11483
-3.11014
-3.10544
-3.10073
-3.09602
-3.09131
-3.0866
-3.08187
-3.07715
-3.07242
-3.06769
-3.06295
-3.05821
-3.05346
-3.04872
-3.04396
-3.0392
-3.03444
-3.02968
-3.02491
-3.02013
-3.01535
-3.01057
-3.00578
-3.00099
-2.9962
-2.9914
-2.9866
-2.98179
-2.97698
-2.97217
-2.96735
-2.96252
-2.9577
-2.95287
-2.94803
-2.94319
-2.93835
-2.9335
-2.92865
-2.9238
-2.91894
-2.91408
-2.90921
-2.90434
-2.89946
-2.89458
-2.8897
-2.88482
-2.87993
-2.87503
-2.87013
-2.86523
-2.86032
-2.85541
-2.8505
-2.84558
-2.84066
-2.83574
-2.83081
-2.82587
-2.82094
-2.81599
-2.81105
-2.8061
-2.80115
-2.79619
-2.79123
-2.78627
-2.7813
-2.77633
-2.77135
-2.76637
-2.76139
-2.7564
-2.75141
-2.74642
-2.74142
-2.73642
-2.73141
-2.7264
-2.72139
-2.71637
-2.71135
-2.70633
-2.7013
-2.69627
-2.69123
-2.68619
-2.68115
-2.6761
-2.67105
-2.666
-2.66094
-2.65588
-2.65082
-2.64575
-2.64068
-2.6356
-2.63052
-2.62544
-2.62035
-2.61526
-2.61017
-2.60507
-2.59997
-2.59486
-2.58975
-2.58464
-2.57953
-2.57441
-2.56928
-2.56416
-2.55903
-2.55389
-2.54876
-2.54362
-2.53847
-2.53333
-2.52818
-2.52302
-2.51786
-2.5127
-2.50754
-2.50237
-2.4972
-2.49202
-2.48684
-2.48166
-2.47647
-2.47129
-2.46609
-2.4609
-2.4557
-2.45049
-2.44529
-2.44008
-2.43487
-2.42965
-2.42443
-2.41921
-2.41398
-2.40875
-2.40352
-2.39828
-2.39304
-2.3878
-2.38255
-2.3773
-2.37205
-2.36679
-2.36153
-2.35627
-2.351
-2.34573
-2.34046
-2.33518
-2.3299
-2.32462
-2.31933
-2.31404
-2.30875
-2.30345
-2.29815
-2.29285
-2.28755
-2.28224
-2.27693
-2.27161
-2.26629
-2.26097
-2.25565
-2.25032
-2.24499
-2.23965
-2.23432
-2.22898
-2.22363
-2.21829
-2.21294
-2.20758
-2.20223
-2.19687
-2.19151
-2.18614
-2.18077
-2.1754
-2.17003
-2.16465
-2.15927
-2.15388
-2.1485
-2.14311
-2.13771
-2.13232
-2.12692
-2.12152
-2.11611
-2.11071
-2.10529
-2.09988
-2.09446
-2.08904
-2.08362
-2.0782
-2.07277
-2.06734
-2.0619
-2.05646
-2.05102
-2.04558
-2.04013
-2.03469
-2.02923
-2.02378
-2.01832
-2.01286
-2.0074
-2.00193
-1.99646
-1.99099
-1.98552
-1.98004
-1.97456
-1.96907
-1.96359
-1.9581
-1.95261
-1.94711
-1.94162
-1.93612
-1.93061
-1.92511
-1.9196
-1.91409
-1.90858
-1.90306
-1.89754
-1.89202
-1.8865
-1.88097
-1.87544
-1.86991
-1.86437
-1.85883
-1.85329
-1.84775
-1.8422
-1.83665
-1.8311
-1.82555
-1.81999
-1.81443
-1.80887
-1.80331
-1.79774
-1.79217
-1.7866
-1.78103
-1.77545
-1.76987
-1.76429
-1.7587
-1.75312
-1.74753
-1.74193
-1.73634
-1.73074
-1.72514
-1.71954
-1.71394
-1.70833
-1.70272
-1.69711
-1.69149
-1.68588
-1.68026
-1.67464
-1.66901
-1.66338
-1.65776
-1.65212
-1.64649
-1.64085
-1.63522
-1.62958
-1.62393
-1.61829
-1.61264
-1.60699
-1.60134
-1.59568
-1.59002
-1.58437
-1.5787
-1.57304
-1.56737
-1.5617
-1.55603
-1.55036
-1.54469
-1.53901
-1.53333
-1.52765
-1.52196
-1.51628
-1.51059
-1.5049
-1.4992
-1.49351
-1.48781
-1.48211
-1.47641
-1.47071
-1.465
-1.45929
-1.45358
-1.44787
-1.44216
-1.43644
-1.43072
-1.425
-1.41928
-1.41355
-1.40783
-1.4021
-1.39637
-1.39063
-1.3849
-1.37916
-1.37342
-1.36768
-1.36194
-1.35619
-1.35045
-1.3447
-1.33895
-1.33319
-1.32744
-1.32168
-1.31592
-1.31016
-1.3044
-1.29864
-1.29287
-1.2871
-1.28133
-1.27556
-1.26979
-1.26401
-1.25823
-1.25245
-1.24667
-1.24089
-1.2351
-1.22932
-1.22353
-1.21774
-1.21195
-1.20615
-1.20036
-1.19456
-1.18876
-1.18296
-1.17716
-1.17135
-1.16555
-1.15974
-1.15393
-1.14812
-1.14231
-1.13649
-1.13068
-1.12486
-1.11904
-1.11322
-1.1074
-1.10157
-1.09574
-1.08992
-1.08409
-1.07826
-1.07243
-1.06659
-1.06076
-1.05492
-1.04908
-1.04324
-1.0374
-1.03156
-1.02571
-1.01986
-1.01402
-1.00817
-1.00232
-0.996465
-0.990611
-0.984756
-0.978899
-0.973041
-0.967182
-0.961321
-0.955459
-0.949595
-0.94373
-0.937864
-0.931996
-0.926126
-0.920256
-0.914384
-0.908511
-0.902636
-0.89676
-0.890883
-0.885004
-0.879124
-0.873243
-0.86736
-0.861476
-0.855591
-0.849705
-0.843817
-0.837928
-0.832038
-0.826147
-0.820254
-0.814361
-0.808466
-0.80257
-0.796672
-0.790774
-0.784874
-0.778973
-0.773071
-0.767168
-0.761263
-0.755358
-0.749451
-0.743544
-0.737635
-0.731725
-0.725814
-0.719902
-0.713989
-0.708075
-0.702159
-0.696243
-0.690326
-0.684408
-0.678488
-0.672568
-0.666646
-0.660724
-0.654801
-0.648876
-0.642951
-0.637025
-0.631098
-0.62517
-0.619241
-0.613311
-0.60738
-0.601448
-0.595515
-0.589582
-0.583647
-0.577712
-0.571776
-0.565839
-0.559901
-0.553962
-0.548023
-0.542082
-0.536141
-0.530199
-0.524256
-0.518313
-0.512368
-0.506423
-0.500477
-0.494531
-0.488584
-0.482635
-0.476687
-0.470737
-0.464787
-0.458836
-0.452885
-0.446932
-0.440979
-0.435026
-0.429072
-0.423117
-0.417161
-0.411205
-0.405248
-0.399291
-0.393333
-0.387375
-0.381415
-0.375456
-0.369495
-0.363535
-0.357573
-0.351611
-0.345649
-0.339686
-0.333723
-0.327759
-0.321794
-0.315829
-0.309864
-0.303898
-0.297932
-0.291965
-0.285998
-0.28003
-0.274062
-0.268094
-0.262125
-0.256156
-0.250186
-0.244216
-0.238246
-0.232275
-0.226304
-0.220333
-0.214361
-0.208389
-0.202416
-0.196444
-0.190471
-0.184498
-0.178524
-0.17255
-0.166576
-0.160602
-0.154627
-0.148653
-0.142678
-0.136702
-0.130727
-0.124751
-0.118776
-0.1128
-0.106823
-0.100847
-0.0948706
-0.088894
-0.0829173
-0.0769404
-0.0709635
-0.0649864
-0.0590092
-0.053032
-0.0470546
-0.0410772
-0.0350998
-0.0291223
-0.0231447
-0.0171671
-0.0111895
-0.00521186
0.000765779
0.00674341
0.012721
0.0186986
0.0246762
0.0306537
0.0366312
0.0426086
0.048586
0.0545633
0.0605405
0.0665176
0.0724945
0.0784714
0.0844482
0.0904248
0.0964013
0.102378
0.108354
0.11433
0.120306
0.126281
0.132257
0.138232
0.144207
0.150182
0.156157
0.162131
0.168105
0.174079
0.180052
0.186026
0.191999
0.197971
0.203944
0.209916
0.215888
0.221859
0.22783
0.233801
0.239771
0.245741
0.251711
0.25768
0.263649
0.269618
0.275586
0.281553
0.287521
0.293487
0.299454
0.305419
0.311385
0.31735
0.323314
0.329278
0.335241
0.341204
0.347167
0.353129
0.35909
0.365051
0.371011
0.37697
0.382929
0.388888
0.394846
0.400803
0.406759
0.412715
0.418671
0.424625
0.43058
0.436533
0.442486
0.448438
0.454389
0.46034
0.46629
0.472239
0.478187
0.484135
0.490082
0.496028
0.501974
0.507919
0.513863
0.519806
0.525748
0.53169
0.53763
0.54357
0.549509
0.555447
0.561385
0.567321
0.573257
0.579192
0.585125
0.591058
0.59699
0.602921
0.608852
0.614781
0.620709
0.626636
0.632563
0.638488
0.644412
0.650336
0.656258
0.66218
0.6681
0.674019
0.679938
0.685855
0.691771
0.697686
0.7036
0.709513
0.715425
0.721336
0.727245
0.733154
0.739061
0.744967
0.750872
0.756776
0.762679
0.768581
0.774481
0.78038
0.786278
0.792175
0.79807
0.803965
0.809858
0.81575
0.82164
0.827529
0.833417
0.839304
0.845189
0.851073
0.856956
0.862838
0.868718
0.874597
0.880474
0.88635
0.892225
0.898098
0.90397
0.90984
0.915709
0.921577
0.927443
0.933308
0.939171
0.945033
0.950894
0.956753
0.96261
0.968466
0.974321
0.980174
0.986025
0.991875
0.997724
1.00357
1.00942
1.01526
1.0211
1.02694
1.03278
1.03862
1.04445
1.05029
1.05612
1.06195
1.06778
1.07361
1.07943
1.08526
1.09108
1.0969
1.10272
1.10854
1.11435
1.12017
1.12598
1.13179
1.1376
1.14341
1.14921
1.15502
1.16082
1.16662
1.17242
1.17821
1.18401
1.1898
1.19559
1.20138
1.20717
1.21295
1.21873
1.22451
1.23029
1.23607
1.24185
1.24762
1.25339
1.25916
1.26493
1.2707
1.27646
1.28222
1.28798
1.29374
1.2995
1.30525
1.311
1.31675
1.3225
1.32825
1.33399
1.33973
1.34547
1.35121
1.35694
1.36268
1.36841
1.37414
1.37986
1.38559
1.39131
1.39703
1.40275
1.40847
1.41418
1.41989
1.4256
1.43131
1.43701
1.44272
1.44842
1.45411
1.45981
1.4655
1.4712
1.47689
1.48257
1.48826
1.49394
1.49962
1.5053
1.51097
1.51665
1.52232
1.52798
1.53365
1.53931
1.54497
1.55063
1.55629
1.56194
1.56759
1.57324
1.57889
1.58453
1.59018
1.59582
1.60145
1.60709
1.61272
1.61835
1.62397
1.6296
1.63522
1.64084
1.64645
1.65207
1.65768
1.66329
1.6689
1.6745
1.6801
1.6857
1.69129
1.69689
1.70248
1.70807
1.71365
1.71923
1.72481
1.73039
1.73596
1.74154
1.74711
1.75267
1.75824
1.7638
1.76935
1.77491
1.78046
1.78601
1.79156
1.7971
1.80264
1.80818
1.81372
1.81925
1.82478
1.83031
1.83583
1.84136
1.84687
1.85239
1.8579
1.86341
1.86892
1.87442
1.87993
1.88542
1.89092
1.89641
1.9019
1.90739
1.91287
1.91835
1.92383
1.92931
1.93478
1.94025
1.94571
1.95117
1.95663
1.96209
1.96754
1.97299
1.97844
1.98388
1.98933
1.99476
2.0002
2.00563
2.01106
2.01648
2.02191
2.02733
2.03274
2.03816
2.04356
2.04897
2.05437
2.05977
2.06517
2.07057
2.07596
2.08134
2.08673
2.09211
2.09748
2.10286
2.10823
2.1136
2.11896
2.12432
2.12968
2.13503
2.14039
2.14573
2.15108
2.15642
2.16176
2.16709
2.17242
2.17775
2.18307
2.18839
2.19371
2.19902
2.20433
2.20964
2.21494
2.22024
2.22554
2.23083
2.23612
2.24141
2.24669
2.25197
2.25725
2.26252
2.26779
2.27305
2.27831
2.28357
2.28882
2.29407
2.29932
2.30457
2.30981
2.31504
2.32027
2.3255
2.33073
2.33595
2.34117
2.34638
2.35159
2.3568
2.362
2.3672
2.3724
2.37759
2.38278
2.38796
2.39315
2.39832
2.4035
2.40867
2.41383
2.419
2.42415
2.42931
2.43446
2.43961
2.44475
2.44989
2.45503
2.46016
2.46528
2.47041
2.47553
2.48065
2.48576
2.49087
2.49597
2.50107
2.50617
2.51126
2.51635
2.52144
2.52652
2.5316
2.53667
2.54174
2.5468
2.55186
2.55692
2.56198
2.56702
2.57207
2.57711
2.58215
2.58718
2.59221
2.59724
2.60226
2.60727
2.61229
2.6173
2.6223
2.6273
2.6323
2.63729
2.64228
2.64726
2.65224
2.65722
2.66219
2.66716
2.67212
2.67708
2.68204
2.68699
2.69193
2.69688
2.70182
2.70675
2.71168
2.7166
2.72153
2.72644
2.73136
2.73626
2.74117
2.74607
2.75096
2.75586
2.76074
2.76563
2.7705
2.77538
2.78025
2.78511
2.78997
2.79483
2.79968
2.80453
2.80938
2.81421
2.81905
2.82388
2.82871
2.83353
2.83834
2.84316
2.84797
2.85277
2.85757
2.86236
2.86715
2.87194
2.87672
2.8815
2.88627
2.89104
2.8958
2.90056
2.90531
2.91006
2.91481
2.91955
2.92429
2.92902
2.93374
2.93847
2.94319
2.9479
2.95261
2.95731
2.96201
2.9667
2.9714
2.97608
2.98076
2.98544
2.99011
2.99478
2.99944
3.0041
3.00875
3.0134
3.01804
3.02268
3.02731
3.03194
3.03657
3.04119
3.0458
3.05041
3.05502
3.05962
3.06421
3.0688
3.07339
3.07797
3.08255
3.08712
3.09169
3.09625
3.10081
3.10536
3.10991
3.11445
3.11899
3.12352
3.12805
3.13257
3.13709
3.14161
3.14611
3.15062
3.15512
3.15961
3.1641
3.16858
3.17306
3.17754
3.18201
3.18647
3.19093
3.19538
3.19983
3.20428
3.20872
3.21315
3.21758
3.222
3.22642
3.23084
3.23525
3.23965
3.24405
3.24845
3.25283
3.25722
3.2616
3.26597
3.27034
3.2747
3.27906
3.28341
3.28776
3.29211
3.29644
3.30078
3.3051
3.30943
3.31374
3.31806
3.32236
3.32667
3.33096
3.33525
3.33954
3.34382
3.3481
3.35237
3.35663
3.36089
3.36515
3.3694
3.37364
3.37788
3.38212
3.38634
3.39057
3.39479
3.399
3.40321
3.40741
3.41161
3.4158
3.41998
3.42416
3.42834
3.43251
3.43668
3.44084
3.44499
3.44914
3.45328
3.45742
3.46155
3.46568
3.4698
3.47392
3.47803
3.48214
3.48624
3.49033
3.49442
3.49851
3.50258
3.50666
3.51073
3.51479
3.51885
3.5229
3.52694
3.53098
3.53502
3.53905
3.54307
3.54709
3.5511
3.55511
3.55911
3.56311
3.5671
3.57108
3.57506
3.57904
3.58301
3.58697
3.59093
3.59488
3.59883
3.60277
3.6067
3.61063
3.61456
3.61847
3.62239
3.62629
3.6302
3.63409
3.63798
3.64187
3.64575
3.64962
3.65349
3.65735
3.6612
3.66505
3.6689
3.67274
3.67657
3.6804
3.68422
3.68804
3.69185
3.69565
3.69945
3.70325
3.70704
3.71082
3.71459
3.71836
3.72213
3.72589
3.72964
3.73339
3.73713
3.74087
3.7446
3.74832
3.75204
3.75575
3.75946
3.76316
3.76686
3.77055
3.77423
3.77791
3.78158
3.78524
3.7889
3.79256
3.79621
3.79985
3.80349
3.80712
3.81074
3.81436
3.81798
3.82158
3.82518
3.82878
3.83237
3.83595
3.83953
3.8431
3.84667
3.85023
3.85378
3.85733
3.86087
3.86441
3.86794
3.87146
3.87498
3.87849
3.882
3.8855
3.889
3.89248
3.89597
3.89944
3.90291
3.90638
3.90984
3.91329
3.91674
3.92018
3.92361
3.92704
3.93046
3.93388
3.93729
3.94069
3.94409
3.94748
3.95087
3.95425
3.95762
3.96099
3.96435
3.9677
3.97105
3.9744
3.97773
3.98107
3.98439
3.98771
3.99102
3.99433
3.99763
4.00092
4.00421
4.00749
4.01077
4.01404
4.0173
4.02056
4.02381
4.02706
4.03029
4.03353
4.03675
4.03997
4.04319
4.0464
4.0496
4.05279
4.05598
4.05917
4.06234
4.06551
4.06868
4.07184
4.07499
4.07814
4.08127
4.08441
4.08754
4.09066
4.09377
4.09688
4.09998
4.10308
4.10617
4.10925
4.11233
4.1154
4.11846
4.12152
4.12457
4.12762
4.13066
4.13369
4.13672
4.13974
4.14275
4.14576
4.14876
4.15176
4.15475
4.15773
4.1607
4.16367
4.16664
4.16959
4.17255
4.17549
4.17843
4.18136
4.18429
4.1872
4.19012
4.19302
4.19592
4.19882
4.2017
4.20458
4.20746
4.21033
4.21319
4.21604
4.21889
4.22173
4.22457
4.2274
4.23022
4.23304
4.23585
4.23865
4.24145
4.24424
4.24703
4.24981
4.25258
4.25534
4.2581
4.26085
4.2636
4.26634
4.26907
4.2718
4.27452
4.27723
4.27994
4.28264
4.28533
4.28802
4.2907
4.29338
4.29604
4.29871
4.30136
4.30401
4.30665
4.30929
4.31192
4.31454
4.31716
4.31977
4.32237
4.32497
4.32756
4.33014
4.33272
4.33529
4.33785
4.34041
4.34296
4.3455
4.34804
4.35057
4.3531
4.35561
4.35813
4.36063
4.36313
4.36562
4.36811
4.37058
4.37306
4.37552
4.37798
4.38043
4.38288
4.38532
4.38775
4.39018
4.3926
4.39501
4.39741
4.39981
4.40221
4.40459
4.40697
4.40935
4.41171
4.41407
4.41642
4.41877
4.42111
4.42344
4.42577
4.42809
4.4304
4.43271
4.43501
4.4373
4.43959
4.44187
4.44414
4.44641
4.44867
4.45093
4.45317
4.45541
4.45765
4.45987
4.46209
4.46431
4.46651
4.46871
4.47091
4.47309
4.47527
4.47745
4.47961
4.48177
4.48393
4.48607
4.48821
4.49035
4.49247
4.49459
4.49671
4.49881
4.50091
4.503
4.50509
4.50717
4.50924
4.51131
4.51337
4.51542
4.51747
4.51951
4.52154
4.52356
4.52558
4.5276
4.5296
4.5316
4.53359
4.53558
4.53756
4.53953
4.54149
4.54345
4.5454
4.54735
4.54929
4.55122
4.55314
4.55506
4.55697
4.55887
4.56077
4.56266
4.56455
4.56642
4.56829
4.57016
4.57202
4.57387
4.57571
4.57754
4.57937
4.5812
4.58301
4.58482
4.58663
4.58842
4.59021
4.59199
4.59377
4.59554
4.5973
4.59905
4.6008
4.60254
4.60428
4.60601
4.60773
4.60944
4.61115
4.61285
4.61454
4.61623
4.61791
4.61958
4.62125
4.62291
4.62456
4.62621
4.62785
4.62948
4.63111
4.63273
4.63434
4.63594
4.63754
4.63913
4.64072
4.6423
4.64387
4.64543
4.64699
4.64854
4.65008
4.65162
4.65315
4.65467
4.65619
4.6577
4.6592
4.6607
4.66219
4.66367
4.66514
4.66661
4.66807
4.66953
4.67098
4.67242
4.67385
4.67528
4.6767
4.67811
4.67952
4.68092
4.68231
4.6837
4.68508
4.68645
4.68782
4.68918
4.69053
4.69187
4.69321
4.69454
4.69587
4.69719
4.6985
4.6998
4.7011
4.70239
4.70367
4.70495
4.70622
4.70748
4.70874
4.70999
4.71123
4.71246
4.71369
4.71491
4.71613
4.71734
4.71854
4.71973
4.72092
4.7221
4.72327
4.72444
4.7256
4.72675
4.7279
4.72904
4.73017
4.73129
4.73241
4.73352
4.73463
4.73573
4.73682
4.7379
4.73898
4.74005
4.74111
4.74217
4.74322
4.74426
4.7453
4.74633
4.74735
4.74836
4.74937
4.75037
4.75137
4.75236
4.75334
4.75431
4.75528
4.75624
4.75719
4.75814
4.75908
4.76001
4.76094
4.76186
4.76277
4.76367
4.76457
4.76546
4.76635
4.76723
4.7681
4.76896
4.76982
4.77067
4.77151
4.77235
4.77318
4.774
4.77482
4.77563
4.77643
4.77722
4.77801
4.77879
4.77957
4.78033
4.7811
4.78185
4.7826
4.78334
4.78407
4.7848
4.78552
4.78623
4.78693
4.78763
4.78833
4.78901
4.78969
4.79036
4.79102
4.79168
4.79233
4.79298
4.79361
4.79424
4.79487
4.79548
4.79609
4.7967
4.79729
4.79788
4.79846
4.79904
4.79961
4.80017
4.80072
4.80127
4.80181
4.80235
4.80287
4.80339
4.80391
4.80441
4.80491
4.80541
4.80589
4.80637
4.80684
4.80731
4.80777
4.80822
4.80866
4.8091
4.80953
4.80996
4.81038
4.81079
4.81119
4.81159
4.81198
4.81236
4.81274
4.81311
4.81347
4.81382
4.81417
4.81452
4.81485
4.81518
4.8155
4.81582
4.81612
4.81642
4.81672
4.81701
4.81729
4.81756
4.81783
4.81809
4.81834
4.81859
4.81883
4.81906
4.81929
4.81951
4.81972
4.81992
4.82012
4.82031
4.8205
4.82068
4.82085
4.82101
4.82117
4.82132
4.82147
4.8216
4.82173
4.82186
4.82198
4.82209
4.82219
4.82229
4.82238
4.82246
4.82253
4.8226
4.82267
4.82272
4.82277
4.82281
4.82285
4.82288
4.8229
4.82291
4.82292
4.82292
4.82292
4.82291
4.82289
4.82286
4.82283
4.82279
4.82275
4.82269
4.82263
4.82257
4.82249
4.82241
4.82233
4.82223
4.82213
4.82203
4.82191
4.82179
4.82167
4.82153
4.82139
4.82125
4.82109
4.82093
4.82076
4.82059
4.82041
4.82022
4.82003
4.81983
4.81962
4.8194
4.81918
4.81895
4.81872
4.81848
4.81823
4.81797
4.81771
4.81744
4.81717
4.81689
4.8166
4.8163
4.816
4.81569
4.81538
4.81506
4.81473
4.81439
4.81405
4.8137
4.81335
4.81299
4.81262
4.81224
4.81186
4.81147
4.81108
4.81067
4.81027
4.80985
4.80943
4.809
4.80856
4.80812
4.80767
4.80722
4.80676
4.80629
4.80581
4.80533
4.80484
4.80435
4.80385
4.80334
4.80282
4.8023
4.80177
4.80124
4.8007
4.80015
4.7996
4.79903
4.79847
4.79789
4.79731
4.79672
4.79613
4.79553
4.79492
4.79431
4.79369
4.79306
4.79243
4.79179
4.79114
4.79049
4.78983
4.78916
4.78849
4.78781
4.78712
4.78643
4.78573
4.78502
4.78431
4.78359
4.78286
4.78213
4.78139
4.78065
4.7799
4.77914
4.77837
4.7776
4.77682
4.77604
4.77525
4.77445
4.77365
4.77284
4.77202
4.7712
4.77037
4.76953
4.76869
4.76784
4.76698
4.76612
4.76525
4.76438
4.76349
4.76261
4.76171
4.76081
4.7599
4.75899
4.75807
4.75714
4.75621
4.75527
4.75432
4.75337
4.75241
4.75144
4.75047
4.74949
4.74851
4.74751
4.74652
4.74551
4.7445
4.74348
4.74246
4.74143
4.74039
4.73935
4.7383
4.73725
4.73618
4.73512
4.73404
4.73296
4.73187
4.73078
4.72968
4.72857
4.72746
4.72634
4.72521
4.72408
4.72294
4.7218
4.72065
4.71949
4.71832
4.71715
4.71598
4.71479
4.7136
4.71241
4.71121
4.71
4.70878
4.70756
4.70634
4.7051
4.70386
4.70262
4.70136
4.70011
4.69884
4.69757
4.69629
4.69501
4.69372
4.69242
4.69112
4.68981
4.68849
4.68717
4.68584
4.68451
4.68317
4.68182
4.68047
4.67911
4.67775
4.67637
4.675
4.67361
4.67222
4.67083
4.66942
4.66801
4.6666
4.66518
4.66375
4.66232
4.66088
4.65943
4.65798
4.65652
4.65506
4.65358
4.65211
4.65062
4.64913
4.64764
4.64614
4.64463
4.64312
4.6416
4.64007
4.63854
4.637
4.63545
4.6339
4.63235
4.63078
4.62921
4.62764
4.62606
4.62447
4.62287
4.62127
4.61967
4.61806
4.61644
4.61481
4.61318
4.61155
4.6099
4.60826
4.6066
4.60494
4.60327
4.6016
4.59992
4.59824
4.59655
4.59485
4.59315
4.59144
4.58972
4.588
4.58627
4.58454
4.5828
4.58105
4.5793
4.57755
4.57578
4.57401
4.57224
4.57046
4.56867
4.56688
4.56508
4.56327
4.56146
4.55964
4.55782
4.55599
4.55415
4.55231
4.55047
4.54861
4.54675
4.54489
4.54302
4.54114
4.53926
4.53737
4.53548
4.53358
4.53167
4.52976
4.52784
4.52591
4.52398
4.52205
4.52011
4.51816
4.51621
4.51425
4.51228
4.51031
4.50833
4.50635
4.50436
4.50237
4.50037
4.49836
4.49635
4.49433
4.49231
4.49028
4.48824
4.4862
4.48415
4.4821
4.48004
4.47798
4.47591
4.47383
4.47175
4.46966
4.46757
4.46547
4.46336
4.46125
4.45914
4.45701
4.45489
4.45275
4.45061
4.44847
4.44632
4.44416
4.442
4.43983
4.43765
4.43547
4.43329
4.4311
4.4289
4.4267
4.42449
4.42228
4.42006
4.41783
4.4156
4.41336
4.41112
4.40887
4.40662
4.40436
4.4021
4.39983
4.39755
4.39527
4.39298
4.39069
4.38839
4.38608
4.38377
4.38146
4.37914
4.37681
4.37448
4.37214
4.36979
4.36745
4.36509
4.36273
4.36036
4.35799
4.35562
4.35323
4.35084
4.34845
4.34605
4.34365
4.34124
4.33882
4.3364
4.33397
4.33154
4.3291
4.32666
4.32421
4.32175
4.31929
4.31683
4.31436
4.31188
4.3094
4.30691
4.30442
4.30192
4.29941
4.2969
4.29439
4.29187
4.28934
4.28681
4.28427
4.28173
4.27918
4.27663
4.27407
4.27151
4.26894
4.26636
4.26378
4.2612
4.25861
4.25601
4.25341
4.2508
4.24819
4.24557
4.24295
4.24032
4.23769
4.23505
4.2324
4.22975
4.2271
4.22444
4.22177
4.2191
4.21642
4.21374
4.21105
4.20836
4.20566
4.20296
4.20025
4.19754
4.19482
4.1921
4.18937
4.18663
4.18389
4.18115
4.1784
4.17564
4.17288
4.17011
4.16734
4.16456
4.16178
4.15899
4.1562
4.1534
4.1506
4.14779
4.14498
4.14216
4.13934
4.13651
4.13368
4.13084
4.12799
4.12514
4.12229
4.11943
4.11656
4.11369
4.11082
4.10794
4.10505
4.10216
4.09926
4.09636
4.09346
4.09055
4.08763
4.08471
4.08178
4.07885
4.07591
4.07297
4.07003
4.06707
4.06412
4.06115
4.05819
4.05522
4.05224
4.04926
4.04627
4.04328
4.04028
4.03728
4.03427
4.03126
4.02824
4.02522
4.02219
4.01916
4.01612
4.01308
4.01003
4.00698
4.00392
4.00086
3.99779
3.99472
3.99164
3.98856
3.98548
3.98238
3.97929
3.97619
3.97308
3.96997
3.96685
3.96373
3.9606
3.95747
3.95434
3.9512
3.94805
3.9449
3.94174
3.93858
3.93542
3.93225
3.92907
3.92589
3.92271
3.91952
3.91633
3.91313
3.90992
3.90671
3.9035
3.90028
3.89706
3.89383
3.8906
3.88736
3.88412
3.88087
3.87762
3.87436
3.8711
3.86784
3.86457
3.86129
3.85801
3.85473
3.85144
3.84814
3.84484
3.84154
3.83823
3.83492
3.8316
3.82828
3.82495
3.82162
3.81828
3.81494
3.81159
3.80824
3.80489
3.80153
3.79816
3.7948
3.79142
3.78804
3.78466
3.78127
3.77788
3.77448
3.77108
3.76768
3.76427
3.76085
3.75743
3.75401
3.75058
3.74714
3.74371
3.74026
3.73682
3.73337
3.72991
3.72645
3.72298
3.71951
3.71604
3.71256
3.70908
3.70559
3.7021
3.6986
3.6951
3.69159
3.68808
3.68457
3.68105
3.67753
3.674
3.67047
3.66693
3.66339
3.65984
3.65629
3.65274
3.64918
3.64562
3.64205
3.63848
3.6349
3.63132
3.62774
3.62415
3.62055
3.61695
3.61335
3.60974
3.60613
3.60252
3.5989
3.59527
3.59164
3.58801
3.58437
3.58073
3.57709
3.57344
3.56978
3.56612
3.56246
3.55879
3.55512
3.55145
3.54777
3.54408
3.54039
3.5367
3.533
3.5293
3.5256
3.52189
3.51817
3.51446
3.51073
3.50701
3.50328
3.49954
3.4958
3.49206
3.48831
3.48456
3.48081
3.47705
3.47328
3.46951
3.46574
3.46197
3.45819
3.4544
3.45061
3.44682
3.44302
3.43922
3.43542
3.43161
3.42779
3.42398
3.42016
3.41633
3.4125
3.40867
3.40483
3.40099
3.39714
3.39329
3.38944
3.38558
3.38172
3.37785
3.37398
3.37011
3.36623
3.36235
3.35847
3.35458
3.35068
3.34678
3.34288
3.33898
3.33507
3.33116
3.32724
3.32332
3.31939
3.31546
3.31153
3.30759
3.30365
3.29971
3.29576
3.29181
3.28785
3.28389
3.27993
3.27596
3.27199
3.26801
3.26403
3.26005
3.25606
3.25207
3.24808
3.24408
3.24008
3.23607
3.23206
3.22805
3.22403
3.22001
3.21598
3.21195
3.20792
3.20388
3.19984
3.1958
3.19175
3.1877
3.18365
3.17959
3.17552
3.17146
3.16739
3.16331
3.15924
3.15516
3.15107
3.14698
3.14289
3.1388
3.1347
3.13059
3.12649
3.12238
3.11826
3.11414
3.11002
3.1059
3.10177
3.09764
3.0935
3.08936
3.08522
3.08107
3.07692
3.07277
3.06861
3.06445
3.06029
3.05612
3.05195
3.04777
3.0436
3.03941
3.03523
3.03104
3.02685
3.02265
3.01845
3.01425
3.01004
3.00583
3.00162
2.9974
2.99318
2.98896
2.98473
2.9805
2.97626
2.97202
2.96778
2.96354
2.95929
2.95504
2.95078
2.94653
2.94226
2.938
2.93373
2.92946
2.92518
2.92091
2.91662
2.91234
2.90805
2.90376
2.89946
2.89516
2.89086
2.88656
2.88225
2.87793
2.87362
2.8693
2.86498
2.86065
2.85633
2.85199
2.84766
2.84332
2.83898
2.83463
2.83029
2.82593
2.82158
2.81722
2.81286
2.8085
2.80413
2.79976
2.79538
2.79101
2.78663
2.78224
2.77786
2.77347
2.76907
2.76468
2.76028
2.75588
2.75147
2.74706
2.74265
2.73823
2.73382
2.72939
2.72497
2.72054
2.71611
2.71168
2.70724
2.7028
2.69836
2.69391
2.68946
2.68501
2.68056
2.6761
2.67164
2.66717
2.6627
2.65823
2.65376
2.64928
2.6448
2.64032
2.63584
2.63135
2.62686
2.62236
2.61786
2.61336
2.60886
2.60435
2.59984
2.59533
2.59082
2.5863
2.58178
2.57725
2.57273
2.5682
2.56366
2.55913
2.55459
2.55005
2.5455
2.54096
2.53641
2.53185
2.5273
2.52274
2.51818
2.51361
2.50905
2.50448
2.4999
2.49533
2.49075
2.48617
2.48158
2.477
2.47241
2.46782
2.46322
2.45862
2.45402
2.44942
2.44481
2.4402
2.43559
2.43098
2.42636
2.42174
2.41712
2.41249
2.40786
2.40323
2.3986
2.39396
2.38932
2.38468
2.38004
2.37539
2.37074
2.36609
2.36143
2.35678
2.35212
2.34745
2.34279
2.33812
2.33345
2.32878
2.3241
2.31942
2.31474
2.31006
2.30537
2.30068
2.29599
2.29129
2.2866
2.2819
2.2772
2.27249
2.26779
2.26308
2.25836
2.25365
2.24893
2.24421
2.23949
2.23477
2.23004
2.22531
2.22058
2.21585
2.21111
2.20637
2.20163
2.19688
2.19214
2.18739
2.18264
2.17788
2.17313
2.16837
2.16361
2.15884
2.15408
2.14931
2.14454
2.13976
2.13499
2.13021
2.12543
2.12065
2.11586
2.11107
2.10629
2.10149
2.0967
2.0919
2.0871
2.0823
2.0775
2.07269
2.06788
2.06307
2.05826
2.05345
2.04863
2.04381
2.03899
2.03416
2.02934
2.02451
2.01968
2.01484
2.01001
2.00517
2.00033
1.99549
1.99064
1.9858
1.98095
1.9761
1.97125
1.96639
1.96153
1.95667
1.95181
1.94695
1.94208
1.93721
1.93234
1.92747
1.9226
1.91772
1.91284
1.90796
1.90308
1.89819
1.89331
1.88842
1.88353
1.87863
1.87374
1.86884
1.86394
1.85904
1.85413
1.84923
1.84432
1.83941
1.8345
1.82959
1.82467
1.81975
1.81483
1.80991
1.80499
1.80006
1.79513
1.7902
1.78527
1.78034
1.7754
1.77047
1.76553
1.76058
1.75564
1.7507
1.74575
1.7408
1.73585
1.7309
1.72594
1.72098
1.71603
1.71107
1.7061
1.70114
1.69617
1.6912
1.68623
1.68126
1.67629
1.67131
1.66634
1.66136
1.65638
1.6514
1.64641
1.64142
1.63644
1.63145
1.62646
1.62146
1.61647
1.61147
1.60647
1.60147
1.59647
1.59147
1.58646
1.58145
1.57644
1.57143
1.56642
1.56141
1.55639
1.55137
1.54635
1.54133
1.53631
1.53129
1.52626
1.52123
1.5162
1.51117
1.50614
1.50111
1.49607
1.49103
1.48599
1.48095
1.47591
1.47087
1.46582
1.46077
1.45572
1.45067
1.44562
1.44057
1.43551
1.43046
1.4254
1.42034
1.41528
1.41022
1.40515
1.40009
1.39502
1.38995
1.38488
1.37981
1.37473
1.36966
1.36458
1.35951
1.35443
1.34935
1.34426
1.33918
1.3341
1.32901
1.32392
1.31883
1.31374
1.30865
1.30356
1.29846
1.29336
1.28827
1.28317
1.27807
1.27296
1.26786
1.26276
1.25765
1.25254
1.24743
1.24232
1.23721
1.2321
1.22699
1.22187
1.21675
1.21164
1.20652
1.2014
1.19627
1.19115
1.18603
1.1809
1.17577
1.17065
1.16552
1.16039
1.15525
1.15012
1.14499
1.13985
1.13471
1.12957
1.12443
1.11929
1.11415
1.10901
1.10387
1.09872
1.09357
1.08843
1.08328
1.07813
1.07298
