10000
0.337902
0.349519
0.361081
0.372586
0.384033
0.395418
0.406741
0.418
0.429192
0.440317
0.451372
0.462355
0.473265
0.4841
0.494858
0.505537
0.516136
0.526653
0.537086
0.547434
0.557695
0.567866
0.577948
0.587937
0.597832
0.607631
0.617334
0.626937
0.636441
0.645842
0.65514
0.664333
0.673419
0.682397
0.691266
0.700023
0.708667
0.717198
0.725613
0.733911
0.74209
0.750149
0.758088
0.765903
0.773595
0.781161
0.7886
0.795912
0.803094
0.810145
0.817065
0.823852
0.830504
0.837021
0.843402
0.849644
0.855748
0.861711
0.867533
0.873213
0.87875
0.884143
0.88939
0.89449
0.899444
0.904249
0.908904
0.91341
0.917765
0.921967
0.926018
0.929914
0.933656
0.937244
0.940675
0.94395
0.947067
0.950027
0.952828
0.95547
0.957952
0.960274
0.962435
0.964434
0.966272
0.967947
0.969459
0.970808
0.971994
0.973015
0.973873
0.974565
0.975093
0.975456
0.975653
0.975684
0.97555
0.97525
0.974784
0.974152
0.973354
0.97239
0.971259
0.969962
0.9685
0.966871
0.965076
0.963116
0.96099
0.958699
0.956243
0.953622
0.950836
0.947886
0.944772
0.941495
0.938055
0.934452
0.930686
0.92676
0.922672
0.918423
0.914015
0.909447
0.90472
0.899836
0.894794
0.889595
0.884241
0.878732
0.873068
0.867252
0.861282
0.855162
0.84889
0.84247
0.8359
0.829183
0.82232
0.815311
0.808158
0.800862
0.793423
0.785845
0.778126
0.77027
0.762276
0.754147
0.745884
0.737487
0.728959
0.720301
0.711515
0.702601
0.693562
0.684399
0.675113
0.665706
0.656179
0.646535
0.636775
0.626901
0.616913
0.606815
0.596608
0.586293
0.575873
0.565349
0.554722
0.543996
0.533171
0.522251
0.511235
0.500128
0.488929
0.477643
0.46627
0.454812
0.443272
0.431651
0.419953
0.408178
0.396329
0.384407
0.372417
0.360358
0.348234
0.336047
0.323798
0.311491
0.299126
0.286708
0.274237
0.261716
0.249148
0.236534
0.223877
0.211179
0.198443
0.185671
0.172864
0.160027
0.14716
0.134266
0.121347
0.108407
0.0954465
0.0824688
0.069476
0.0564705
0.0434548
0.0304311
0.0174018
0.00436939
-0.00866384
-0.0216955
-0.0347232
-0.0477446
-0.0607573
-0.0737589
-0.0867471
-0.0997194
-0.112674
-0.125607
-0.138518
-0.151404
-0.164262
-0.17709
-0.189886
-0.202647
-0.215371
-0.228057
-0.2407
-0.253301
-0.265855
-0.27836
-0.290816
-0.303218
-0.315566
-0.327856
-0.340087
-0.352256
-0.364361
-0.3764
-0.388372
-0.400273
-0.412101
-0.423856
-0.435533
-0.447132
-0.458651
-0.470086
-0.481437
-0.492701
-0.503877
-0.514962
-0.525954
-0.536851
-0.547653
-0.558356
-0.568958
-0.579459
-0.589856
-0.600148
-0.610332
-0.620407
-0.630371
-0.640222
-0.64996
-0.659581
-0.669085
-0.67847
-0.687734
-0.696876
-0.705895
-0.714788
-0.723554
-0.732192
-0.7407
-0.749077
-0.757322
-0.765434
-0.77341
-0.78125
-0.788952
-0.796515
-0.803938
-0.81122
-0.81836
-0.825356
-0.832207
-0.838913
-0.845472
-0.851883
-0.858145
-0.864258
-0.87022
-0.876031
-0.881689
-0.887194
-0.892545
-0.897741
-0.902781
-0.907665
-0.912393
-0.916962
-0.921373
-0.925625
-0.929718
-0.933651
-0.937423
-0.941034
-0.944483
-0.947771
-0.950896
-0.953859
-0.956658
-0.959294
-0.961766
-0.964075
-0.966219
-0.968199
-0.970014
-0.971664
-0.97315
-0.974471
-0.975627
-0.976618
-0.977444
-0.978104
-0.9786
-0.978932
-0.979098
-0.9791
-0.978937
-0.97861
-0.978119
-0.977465
-0.976646
-0.975665
-0.974521
-0.973214
-0.971745
-0.970114
-0.968321
-0.966368
-0.964255
-0.961981
-0.959549
-0.956957
-0.954207
-0.9513
-0.948235
-0.945014
-0.941637
-0.938106
-0.93442
-0.93058
-0.926588
-0.922444
-0.918149
-0.913703
-0.909108
-0.904364
-0.899473
-0.894435
-0.889251
-0.883922
-0.87845
-0.872835
-0.867077
-0.86118
-0.855142
-0.848966
-0.842652
-0.836202
-0.829617
-0.822898
-0.816046
-0.809063
-0.801949
-0.794706
-0.787335
-0.779837
-0.772214
-0.764467
-0.756598
-0.748607
-0.740496
-0.732267
-0.72392
-0.715458
-0.706881
-0.698192
-0.689391
-0.68048
-0.67146
-0.662334
-0.653102
-0.643766
-0.634328
-0.624789
-0.615151
-0.605415
-0.595583
-0.585657
-0.575638
-0.565528
-0.555328
-0.54504
-0.534666
-0.524208
-0.513666
-0.503044
-0.492342
-0.481562
-0.470707
-0.459777
-0.448775
-0.437702
-0.42656
-0.415351
-0.404076
-0.392738
-0.381338
-0.369878
-0.35836
-0.346786
-0.335157
-0.323476
-0.311744
-0.299963
-0.288134
-0.276261
-0.264344
-0.252386
-0.240388
-0.228353
-0.216281
-0.204176
-0.192039
-0.179872
-0.167676
-0.155454
-0.143208
-0.13094
-0.118651
-0.106343
-0.0940187
-0.0816797
-0.069328
-0.0569653
-0.0445938
-0.0322152
-0.0198317
-0.007445
0.00494284
0.0173299
0.0297142
0.0420939
0.054467
0.0668315
0.0791856
0.0915272
0.103854
0.116165
0.128458
0.140731
0.152981
0.165208
0.177408
0.189581
0.201724
0.213835
0.225913
0.237955
0.24996
0.261925
0.273849
0.285731
0.297567
0.309356
0.321096
0.332786
0.344424
0.356007
0.367534
0.379003
0.390412
0.401759
0.413043
0.424262
0.435413
0.446496
0.457508
0.468447
0.479312
0.490102
0.500813
0.511445
0.521995
0.532463
0.542846
0.553143
0.563351
0.57347
0.583497
0.593432
0.603271
0.613014
0.62266
0.632205
0.64165
0.650992
0.660229
0.669361
0.678385
0.6873
0.696105
0.704798
0.713377
0.721842
0.73019
0.73842
0.746531
0.754522
0.762391
0.770136
0.777756
0.785251
0.792618
0.799856
0.806965
0.813942
0.820787
0.827498
0.834075
0.840515
0.846818
0.852982
0.859007
0.864892
0.870634
0.876234
0.88169
0.887001
0.892166
0.897185
0.902055
0.906777
0.911349
0.91577
0.92004
0.924158
0.928122
0.931933
0.935589
0.939089
0.942433
0.945621
0.94865
0.951522
0.954234
0.956787
0.95918
0.961412
0.963483
0.965392
0.96714
0.968724
0.970146
0.971404
0.972498
0.973428
0.974193
0.974794
0.97523
0.9755
0.975605
0.975544
0.975317
0.974925
0.974366
0.973641
0.97275
0.971693
0.970469
0.96908
0.967524
0.965802
0.963915
0.961862
0.959643
0.957259
0.95471
0.951996
0.949118
0.946076
0.94287
0.939501
0.935969
0.932274
0.928418
0.9244
0.920221
0.915881
0.911383
0.906725
0.901908
0.896934
0.891803
0.886516
0.881073
0.875476
0.869725
0.863821
0.857764
0.851557
0.8452
0.838694
0.832039
0.825238
0.818291
0.811198
0.803962
0.796584
0.789064
0.781404
0.773605
0.765669
0.757596
0.749389
0.741047
0.732574
0.72397
0.715236
0.706374
0.697387
0.688274
0.679038
0.66968
0.660202
0.650605
0.640892
0.631064
0.621121
0.611068
0.600904
0.590632
0.580253
0.569769
0.559183
0.548496
0.53771
0.526826
0.515847
0.504775
0.493612
0.482359
0.471018
0.459593
0.448083
0.436493
0.424823
0.413076
0.401254
0.389359
0.377394
0.365359
0.353259
0.341093
0.328866
0.316579
0.304234
0.291834
0.279381
0.266877
0.254324
0.241724
0.229081
0.216395
0.203671
0.190909
0.178112
0.165283
0.152423
0.139536
0.126623
0.113687
0.10073
0.0877552
0.074764
0.0617592
0.0487431
0.0357181
0.0226866
0.0096509
-0.00338654
-0.0164234
-0.0294572
-0.0424857
-0.0555064
-0.068517
-0.0815151
-0.0944983
-0.107464
-0.120411
-0.133335
-0.146235
-0.159109
-0.171953
-0.184766
-0.197546
-0.210289
-0.222994
-0.235659
-0.248281
-0.260857
-0.273387
-0.285866
-0.298294
-0.310667
-0.322984
-0.335242
-0.34744
-0.359574
-0.371643
-0.383645
-0.395578
-0.407439
-0.419226
-0.430938
-0.442571
-0.454125
-0.465596
-0.476984
-0.488285
-0.499499
-0.510623
-0.521654
-0.532592
-0.543434
-0.554179
-0.564824
-0.575367
-0.585807
-0.596143
-0.606371
-0.616492
-0.626501
-0.636399
-0.646184
-0.655852
-0.665404
-0.674838
-0.684151
-0.693343
-0.702411
-0.711354
-0.720172
-0.728861
-0.737421
-0.745851
-0.754149
-0.762314
-0.770343
-0.778237
-0.785994
-0.793612
-0.801091
-0.808428
-0.815624
-0.822677
-0.829585
-0.836347
-0.842964
-0.849433
-0.855753
-0.861924
-0.867945
-0.873814
-0.879532
-0.885096
-0.890506
-0.895762
-0.900863
-0.905807
-0.910595
-0.915225
-0.919697
-0.92401
-0.928164
-0.932158
-0.935992
-0.939665
-0.943176
-0.946526
-0.949713
-0.952737
-0.955599
-0.958297
-0.960832
-0.963203
-0.96541
-0.967452
-0.96933
-0.971043
-0.972591
-0.973975
-0.975193
-0.976247
-0.977135
-0.977859
-0.978417
-0.978811
-0.97904
-0.979104
-0.979004
-0.978739
-0.978311
-0.977718
-0.976962
-0.976042
-0.97496
-0.973714
-0.972307
-0.970737
-0.969006
-0.967114
-0.965062
-0.962849
-0.960477
-0.957946
-0.955256
-0.952409
-0.949404
-0.946243
-0.942925
-0.939453
-0.935826
-0.932045
-0.928111
-0.924025
-0.919788
-0.9154
-0.910862
-0.906176
-0.901341
-0.896359
-0.891232
-0.885959
-0.880542
-0.874982
-0.869279
-0.863436
-0.857453
-0.85133
-0.84507
-0.838673
-0.832141
-0.825474
-0.818674
-0.811742
-0.804679
-0.797487
-0.790166
-0.782718
-0.775145
-0.767447
-0.759626
-0.751683
-0.74362
-0.735438
-0.727138
-0.718722
-0.710191
-0.701547
-0.692791
-0.683924
-0.674949
-0.665866
-0.656677
-0.647383
-0.637987
-0.628489
-0.618892
-0.609196
-0.599404
-0.589516
-0.579536
-0.569463
-0.559301
-0.54905
-0.538712
-0.528289
-0.517783
-0.507195
-0.496527
-0.485781
-0.474958
-0.46406
-0.453089
-0.442047
-0.430935
-0.419755
-0.408509
-0.397199
-0.385827
-0.374394
-0.362902
-0.351354
-0.33975
-0.328093
-0.316384
-0.304626
-0.29282
-0.280968
-0.269071
-0.257133
-0.245155
-0.233138
-0.221085
-0.208997
-0.196876
-0.184724
-0.172544
-0.160336
-0.148104
-0.135848
-0.123571
-0.111275
-0.0989609
-0.0866317
-0.074289
-0.0619346
-0.0495705
-0.0371987
-0.0248211
-0.0124396
-5.61644e-005
0.0123273
0.0247088
0.0370864
0.0494582
0.0618223
0.0741767
0.0865194
0.0988487
0.111162
0.123459
0.135736
0.147991
0.160224
0.172431
0.184611
0.196763
0.208883
0.220971
0.233024
0.24504
0.257018
0.268955
0.280851
0.292702
0.304507
0.316264
0.327971
0.339627
0.351229
0.362776
0.374265
0.385696
0.397066
0.408373
0.419615
0.430792
0.4419
0.452938
0.463905
0.474798
0.485616
0.496357
0.507019
0.517601
0.528101
0.538516
0.548847
0.55909
0.569244
0.579307
0.589278
0.599155
0.608937
0.618621
0.628207
0.637692
0.647075
0.656355
0.665529
0.674597
0.683557
0.692406
0.701145
0.709771
0.718283
0.726679
0.734958
0.743119
0.75116
0.759079
0.766876
0.774549
0.782096
0.789517
0.79681
0.803973
0.811006
0.817907
0.824675
0.831308
0.837806
0.844168
0.850392
0.856476
0.862421
0.868225
0.873886
0.879404
0.884777
0.890006
0.895087
0.900022
0.904808
0.909445
0.913932
0.918268
0.922452
0.926484
0.930362
0.934085
0.937654
0.941066
0.944322
0.947421
0.950362
0.953145
0.955768
0.958232
0.960535
0.962677
0.964658
0.966477
0.968133
0.969627
0.970958
0.972125
0.973128
0.973966
0.97464
0.975149
0.975493
0.975672
0.975685
0.975532
0.975214
0.974729
0.974078
0.973261
0.972278
0.971129
0.969814
0.968332
0.966685
0.964871
0.962892
0.960748
0.958437
0.955962
0.953322
0.950518
0.947549
0.944416
0.94112
0.93766
0.934038
0.930254
0.926308
0.922201
0.917934
0.913506
0.908919
0.904173
0.899269
0.894208
0.88899
0.883617
0.878088
0.872405
0.866569
0.86058
0.85444
0.848149
0.841709
0.83512
0.828384
0.821501
0.814472
0.807299
0.799984
0.792526
0.784927
0.777189
0.769313
0.7613
0.753151
0.744868
0.736452
0.727904
0.719227
0.710421
0.701487
0.692429
0.683246
0.67394
0.664514
0.654968
0.645304
0.635525
0.625631
0.615624
0.605507
0.59528
0.584947
0.574507
0.563964
0.553319
0.542574
0.53173
0.520791
0.509757
0.498631
0.487414
0.476109
0.464718
0.453242
0.441685
0.430046
0.41833
0.406538
0.394671
0.382733
0.370726
0.35865
0.34651
0.334306
0.322041
0.309718
0.297338
0.284904
0.272418
0.259882
0.247299
0.23467
0.221999
0.209287
0.196537
0.183751
0.170932
0.158081
0.145201
0.132295
0.119365
0.106413
0.093441
0.0804523
0.0674488
0.054433
0.0414072
0.0283739
0.0153354
0.00229406
-0.0107477
-0.0237875
-0.0368229
-0.0498517
-0.0628713
-0.0758794
-0.0888737
-0.101852
-0.114811
-0.12775
-0.140665
-0.153554
-0.166416
-0.179247
-0.192045
-0.204809
-0.217535
-0.230221
-0.242865
-0.255466
-0.268019
-0.280524
-0.292978
-0.305379
-0.317724
-0.330011
-0.342239
-0.354404
-0.366505
-0.378539
-0.390505
-0.4024
-0.414222
-0.425969
-0.437639
-0.44923
-0.46074
-0.472166
-0.483507
-0.494761
-0.505926
-0.516999
-0.527979
-0.538865
-0.549653
-0.560342
-0.570931
-0.581417
-0.591799
-0.602075
-0.612242
-0.6223
-0.632247
-0.642081
-0.6518
-0.661402
-0.670887
-0.680252
-0.689496
-0.698616
-0.707613
-0.716484
-0.725228
-0.733843
-0.742327
-0.750681
-0.758901
-0.766987
-0.774938
-0.782752
-0.790428
-0.797964
-0.80536
-0.812614
-0.819725
-0.826693
-0.833515
-0.840191
-0.84672
-0.853101
-0.859333
-0.865414
-0.871345
-0.877124
-0.88275
-0.888222
-0.89354
-0.898703
-0.903709
-0.90856
-0.913252
-0.917787
-0.922163
-0.92638
-0.930438
-0.934335
-0.938071
-0.941646
-0.945059
-0.948309
-0.951398
-0.954323
-0.957085
-0.959683
-0.962118
-0.964388
-0.966494
-0.968436
-0.970213
-0.971825
-0.973272
-0.974554
-0.975671
-0.976623
-0.977409
-0.978031
-0.978488
-0.97878
-0.978907
-0.978869
-0.978667
-0.978301
-0.977771
-0.977077
-0.976219
-0.975199
-0.974015
-0.972669
-0.971161
-0.969491
-0.96766
-0.965668
-0.963515
-0.961203
-0.958732
-0.956102
-0.953314
-0.950368
-0.947266
-0.944007
-0.940593
-0.937024
-0.933301
-0.929424
-0.925395
-0.921215
-0.916883
-0.912401
-0.90777
-0.902991
-0.898065
-0.892992
-0.887773
-0.88241
-0.876903
-0.871254
-0.865464
-0.859533
-0.853463
-0.847254
-0.840908
-0.834427
-0.82781
-0.82106
-0.814178
-0.807164
-0.80002
-0.792748
-0.785348
-0.777822
-0.770171
-0.762396
-0.754499
-0.746481
-0.738344
-0.730089
-0.721717
-0.713229
-0.704628
-0.695914
-0.68709
-0.678156
-0.669113
-0.659965
-0.650711
-0.641354
-0.631895
-0.622336
-0.612678
-0.602923
-0.593073
-0.583128
-0.573091
-0.562964
-0.552747
-0.542443
-0.532054
-0.52158
-0.511024
-0.500387
-0.489672
-0.478879
-0.468011
-0.457069
-0.446056
-0.434972
-0.423819
-0.4126
-0.401316
-0.38997
-0.378561
-0.367094
-0.355569
-0.343988
-0.332353
-0.320666
-0.308928
-0.297142
-0.28531
-0.273433
-0.261513
-0.249552
-0.237553
-0.225516
-0.213443
-0.201337
-0.1892
-0.177033
-0.164839
-0.152618
-0.140374
-0.128108
-0.115822
-0.103518
-0.0911973
-0.0788626
-0.0665156
-0.0541582
-0.0417924
-0.02942
-0.017043
-0.00466334
0.00771703
0.0200962
0.0324722
0.0448431
0.057207
0.069562
0.081906
0.0942373
0.106554
0.118854
0.131135
0.143395
0.155634
0.167847
0.180035
0.192194
0.204323
0.216421
0.228484
0.240511
0.252501
0.264451
0.276359
0.288224
0.300044
0.311817
0.32354
0.335213
0.346833
0.358398
0.369907
0.381358
0.392748
0.404077
0.415342
0.426541
0.437673
0.448736
0.459728
0.470648
0.481493
0.492261
0.502952
0.513563
0.524093
0.534539
0.544901
0.555176
0.565363
0.57546
0.585465
0.595378
0.605195
0.614916
0.624539
0.634062
0.643485
0.652804
0.662018
0.671127
0.680129
0.689021
0.697803
0.706473
0.715029
0.723471
0.731796
0.740003
0.748091
0.756058
0.763904
0.771626
0.779223
0.786695
0.794039
0.801254
0.808339
0.815294
0.822115
0.828803
0.835357
0.841774
0.848054
0.854196
0.860198
0.866059
0.871779
0.877356
0.88279
0.888078
0.893221
0.898217
0.903065
0.907765
0.912315
0.916714
0.920962
0.925058
0.929001
0.932789
0.936424
0.939903
0.943225
0.946391
0.9494
0.95225
0.954942
0.957474
0.959846
0.962058
0.964108
0.965997
0.967724
0.969289
0.97069
0.971928
0.973003
0.973913
0.974659
0.975241
0.975657
0.975908
0.975994
0.975914
0.975669
0.975258
0.97468
0.973937
0.973028
0.971952
0.970711
0.969303
0.967729
0.96599
0.964085
0.962014
0.959778
0.957377
0.954811
0.95208
0.949185
0.946126
0.942903
0.939518
0.935969
0.932258
0.928385
0.924351
0.920156
0.9158
0.911286
0.906612
0.901779
0.89679
0.891643
0.88634
0.880882
0.875269
0.869503
0.863584
0.857512
0.85129
0.844918
0.838397
0.831727
0.824911
0.817949
0.810842
0.803592
0.796198
0.788664
0.78099
0.773177
0.765226
0.757139
0.748917
0.740561
0.732074
0.723456
0.714708
0.705832
0.696831
0.687704
0.678454
0.669083
0.659591
0.649981
0.640254
0.630412
0.620456
0.610389
0.600212
0.589926
0.579534
0.569038
0.558438
0.547738
0.536939
0.526042
0.51505
0.503965
0.492789
0.481523
0.47017
0.458732
0.44721
0.435607
0.423925
0.412166
0.400332
0.388425
0.376447
0.364401
0.352288
0.340111
0.327872
0.315574
0.303218
0.290806
0.278342
0.265826
0.253262
0.240652
0.227998
0.215302
0.202567
0.189795
0.176988
0.164149
0.15128
0.138383
0.12546
0.112515
0.0995496
0.0865656
0.0735658
0.0605525
0.0475281
0.0344951
0.0214557
0.00841242
-0.00463241
-0.0176764
-0.0307172
-0.0437523
-0.0567794
-0.0697962
-0.0828002
-0.095789
-0.10876
-0.121712
-0.134641
-0.147546
-0.160423
-0.173272
-0.186088
-0.198871
-0.211618
-0.224325
-0.236992
-0.249616
-0.262194
-0.274725
-0.287205
-0.299633
-0.312007
-0.324324
-0.336582
-0.348778
-0.360911
-0.372979
-0.384979
-0.396909
-0.408767
-0.420551
-0.432259
-0.443888
-0.455437
-0.466904
-0.478286
-0.489582
-0.500789
-0.511906
-0.522931
-0.533861
-0.544695
-0.555431
-0.566067
-0.576602
-0.587032
-0.597357
-0.607575
-0.617684
-0.627682
-0.637568
-0.64734
-0.656996
-0.666534
-0.675954
-0.685253
-0.694429
-0.703482
-0.71241
-0.721211
-0.729883
-0.738427
-0.746839
-0.755118
-0.763264
-0.771275
-0.779149
-0.786886
-0.794484
-0.801941
-0.809258
-0.816431
-0.823462
-0.830347
-0.837087
-0.843679
-0.850124
-0.85642
-0.862566
-0.868562
-0.874405
-0.880097
-0.885634
-0.891018
-0.896246
-0.901319
-0.906236
-0.910995
-0.915596
-0.920039
-0.924322
-0.928446
-0.93241
-0.936213
-0.939855
-0.943335
-0.946652
-0.949808
-0.9528
-0.955629
-0.958294
-0.960796
-0.963133
-0.965306
-0.967314
-0.969158
-0.970836
-0.97235
-0.973698
-0.974882
-0.9759
-0.976752
-0.97744
-0.977963
-0.97832
-0.978513
-0.97854
-0.978403
-0.978102
-0.977636
-0.977006
-0.976213
-0.975256
-0.974136
-0.972854
-0.971408
-0.969801
-0.968033
-0.966103
-0.964013
-0.961762
-0.959352
-0.956783
-0.954056
-0.95117
-0.948128
-0.944929
-0.941574
-0.938064
-0.934399
-0.930581
-0.92661
-0.922487
-0.918212
-0.913787
-0.909212
-0.904489
-0.899618
-0.8946
-0.889435
-0.884126
-0.878673
-0.873077
-0.86734
-0.861461
-0.855442
-0.849285
-0.84299
-0.836559
-0.829992
-0.823291
-0.816458
-0.809492
-0.802396
-0.795171
-0.787818
-0.780338
-0.772733
-0.765004
-0.757151
-0.749178
-0.741084
-0.732872
-0.724543
-0.716097
-0.707537
-0.698865
-0.69008
-0.681186
-0.672183
-0.663073
-0.653858
-0.644538
-0.635116
-0.625593
-0.615971
-0.606251
-0.596435
-0.586525
-0.576521
-0.566426
-0.556242
-0.54597
-0.535611
-0.525168
-0.514642
-0.504034
-0.493347
-0.482583
-0.471742
-0.460827
-0.449839
-0.438781
-0.427653
-0.416458
-0.405198
-0.393874
-0.382488
-0.371042
-0.359538
-0.347978
-0.336362
-0.324694
-0.312976
-0.301208
-0.289392
-0.277532
-0.265628
-0.253682
-0.241697
-0.229674
-0.217615
-0.205522
-0.193396
-0.181241
-0.169057
-0.156846
-0.144612
-0.132354
-0.120076
-0.107779
-0.095465
-0.0831363
-0.0707945
-0.0584417
-0.0460798
-0.0337107
-0.0213362
-0.0089585
0.00342065
0.0157993
0.0281754
0.0405471
0.0529125
0.0652697
0.0776166
0.0899514
0.102272
0.114577
0.126864
0.139131
0.151376
0.163597
0.175793
0.187961
0.2001
0.212208
0.224282
0.236321
0.248323
0.260286
0.272209
0.284088
0.295923
0.307712
0.319452
0.331142
0.34278
0.354364
0.365892
0.377363
0.388774
0.400124
0.411411
0.422634
0.433789
0.444876
0.455893
0.466838
0.477709
0.488505
0.499223
0.509862
0.520421
0.530897
0.541289
0.551595
0.561813
0.571943
0.581981
0.591927
0.601779
0.611535
0.621193
0.630753
0.640212
0.649569
0.658822
0.667969
0.67701
0.685943
0.694765
0.703477
0.712075
0.720559
0.728928
0.737179
0.745312
0.753325
0.761216
0.768984
0.776629
0.784148
0.79154
0.798804
0.805939
0.812943
0.819816
0.826555
0.83316
0.83963
0.845963
0.852158
0.858214
0.86413
0.869905
0.875538
0.881028
0.886373
0.891573
0.896626
0.901533
0.906291
0.9109
0.915359
0.919668
0.923824
0.927828
0.931678
0.935375
0.938916
0.942302
0.945531
0.948603
0.951518
0.954274
0.956871
0.959308
0.961586
0.963702
0.965658
0.967451
0.969083
0.970552
0.971857
0.973
0.973979
0.974793
0.975443
0.975929
0.976249
0.976404
0.976395
0.976219
0.975878
0.975371
0.974698
0.973859
0.972855
0.971684
0.970348
0.968845
0.967177
0.965344
0.963344
0.96118
0.95885
0.956356
0.953697
0.950873
0.947886
0.944735
0.94142
0.937943
0.934303
0.930502
0.926539
0.922415
0.918131
0.913687
0.909083
0.904322
0.899402
0.894326
0.889093
0.883704
0.878161
0.872464
0.866614
0.860611
0.854457
0.848153
0.841699
0.835097
0.828348
0.821452
0.814412
0.807227
0.799899
0.792429
0.784819
0.77707
0.769183
0.761159
0.752999
0.744705
0.736279
0.727721
0.719034
0.710218
0.701275
0.692207
0.683014
0.6737
0.664264
0.65471
0.645038
0.63525
0.625347
0.615333
0.605207
0.594973
0.584631
0.574184
0.563633
0.552981
0.542229
0.531378
0.520432
0.509391
0.498258
0.487035
0.475724
0.464326
0.452844
0.44128
0.429636
0.417913
0.406115
0.394243
0.382299
0.370286
0.358205
0.346059
0.33385
0.32158
0.309252
0.296867
0.284428
0.271937
0.259396
0.246809
0.234176
0.2215
0.208784
0.196029
0.183239
0.170416
0.157561
0.144677
0.131767
0.118833
0.105877
0.0929019
0.0799096
0.0669028
0.0538837
0.0408547
0.0278183
0.0147768
0.00173255
-0.011312
-0.0243544
-0.0373924
-0.0504236
-0.0634456
-0.0764559
-0.0894522
-0.102432
-0.115394
-0.128334
-0.14125
-0.154141
-0.167004
-0.179836
-0.192636
-0.2054
-0.218127
-0.230814
-0.243458
-0.256059
-0.268613
-0.281117
-0.293571
-0.305971
-0.318315
-0.330602
-0.342828
-0.354992
-0.367092
-0.379124
-0.391088
-0.402981
-0.414801
-0.426546
-0.438213
-0.449801
-0.461307
-0.47273
-0.484067
-0.495317
-0.506477
-0.517546
-0.528522
-0.539402
-0.550185
-0.560868
-0.571451
-0.581931
-0.592306
-0.602575
-0.612736
-0.622787
-0.632726
-0.642552
-0.652262
-0.661856
-0.671332
-0.680687
-0.689921
-0.699032
-0.708019
-0.716879
-0.725612
-0.734215
-0.742689
-0.75103
-0.759238
-0.767311
-0.775249
-0.78305
-0.790712
-0.798234
-0.805615
-0.812855
-0.819951
-0.826903
-0.833709
-0.840369
-0.846881
-0.853245
-0.859459
-0.865523
-0.871436
-0.877196
-0.882803
-0.888256
-0.893554
-0.898697
-0.903684
-0.908513
-0.913185
-0.917699
-0.922053
-0.926248
-0.930283
-0.934157
-0.93787
-0.941421
-0.94481
-0.948037
-0.951101
-0.954001
-0.956738
-0.959311
-0.96172
-0.963964
-0.966044
-0.967958
-0.969708
-0.971293
-0.972712
-0.973966
-0.975055
-0.975978
-0.976737
-0.977329
-0.977757
-0.978019
-0.978116
-0.978049
-0.977816
-0.97742
-0.976859
-0.976134
-0.975245
-0.974193
-0.972978
-0.9716
-0.97006
-0.968358
-0.966494
-0.96447
-0.962285
-0.95994
-0.957436
-0.954773
-0.951951
-0.948972
-0.945836
-0.942544
-0.939097
-0.935494
-0.931737
-0.927827
-0.923764
-0.91955
-0.915184
-0.910668
-0.906004
-0.901191
-0.89623
-0.891123
-0.885871
-0.880474
-0.874933
-0.86925
-0.863426
-0.857461
-0.851358
-0.845115
-0.838736
-0.832221
-0.825572
-0.818789
-0.811873
-0.804827
-0.79765
-0.790345
-0.782913
-0.775354
-0.767671
-0.759865
-0.751936
-0.743887
-0.735719
-0.727433
-0.71903
-0.710512
-0.70188
-0.693137
-0.684283
-0.675319
-0.666248
-0.65707
-0.647788
-0.638403
-0.628917
-0.61933
-0.609645
-0.599863
-0.589986
-0.580015
-0.569953
-0.5598
-0.549558
-0.53923
-0.528816
-0.518319
-0.507739
-0.49708
-0.486342
-0.475527
-0.464637
-0.453674
-0.44264
-0.431536
-0.420364
-0.409125
-0.397823
-0.386457
-0.375031
-0.363546
-0.352004
-0.340407
-0.328756
-0.317054
-0.305302
-0.293502
-0.281656
-0.269765
-0.257833
-0.24586
-0.233848
-0.2218
-0.209717
-0.197602
-0.185455
-0.173279
-0.161077
-0.148849
-0.136597
-0.124325
-0.112032
-0.0997228
-0.0873975
-0.0750586
-0.0627079
-0.0503474
-0.037979
-0.0256047
-0.0132264
-0.000845972
0.0115346
0.0239133
0.0362884
0.0486577
0.0610195
0.0733717
0.0857124
0.0980397
0.110352
0.122646
0.134922
0.147177
0.159408
0.171614
0.183794
0.195945
0.208065
0.220152
0.232205
0.244222
0.2562
0.268138
0.280034
0.291887
0.303693
0.315451
0.32716
0.338818
0.350422
0.361972
0.373464
0.384897
0.39627
0.407581
0.418827
0.430007
0.44112
0.452163
0.463134
0.474032
0.484856
0.495602
0.506271
0.516859
0.527365
0.537788
0.548125
0.558376
0.568538
0.578609
0.588589
0.598475
0.608266
0.61796
0.627556
0.637052
0.646446
0.655737
0.664923
0.674003
0.682975
0.691838
0.70059
0.709229
0.717755
0.726166
0.73446
0.742636
0.750693
0.758628
0.766442
0.774132
0.781697
0.789136
0.796447
0.803629
0.810682
0.817603
0.824391
0.831046
0.837565
0.843949
0.850195
0.856302
0.862271
0.868098
0.873784
0.879326
0.884725
0.88998
0.895088
0.900049
0.904863
0.909528
0.914044
0.918409
0.922622
0.926683
0.930592
0.934346
0.937947
0.941391
0.94468
0.947812
0.950786
0.953603
0.956261
0.958759
0.961098
0.963276
0.965294
0.96715
0.968844
0.970376
0.971745
0.97295
0.973993
0.974871
0.975586
0.976135
0.976521
0.976741
0.976796
0.976686
0.97641
0.975968
0.975361
0.974589
0.97365
0.972546
0.971275
0.96984
0.968238
0.966471
0.964538
0.962441
0.960178
0.95775
0.955158
0.952402
0.949481
0.946397
0.94315
0.93974
0.936167
0.932432
0.928536
0.924479
0.920261
0.915884
0.911347
0.906652
0.901799
0.896788
0.891621
0.886299
0.880821
0.875189
0.869404
0.863466
0.857377
0.851138
0.844748
0.83821
0.831525
0.824692
0.817715
0.810593
0.803327
0.79592
0.788371
0.780683
0.772857
0.764893
0.756794
0.748559
0.740192
0.731693
0.723064
0.714306
0.70542
0.696408
0.687272
0.678013
0.668633
0.659132
0.649514
0.639779
0.62993
0.619967
0.609893
0.599709
0.589417
0.579019
0.568517
0.557913
0.547208
0.536404
0.525503
0.514507
0.503418
0.492238
0.480969
0.469613
0.458172
0.446648
0.435043
0.423359
0.411598
0.399763
0.387854
0.375876
0.363829
0.351716
0.339539
0.3273
0.315001
0.302645
0.290235
0.277771
0.265256
0.252693
0.240085
0.227432
0.214738
0.202004
0.189234
0.176429
0.163592
0.150725
0.137831
0.124911
0.111969
0.0990063
0.0860254
0.0730287
0.0600187
0.0469978
0.0339683
0.0209325
0.00789296
-0.00514804
-0.0181881
-0.0312248
-0.0442558
-0.0572788
-0.0702912
-0.0832908
-0.0962752
-0.109242
-0.122189
-0.135113
-0.148013
-0.160886
-0.173729
-0.186541
-0.199319
-0.21206
-0.224763
-0.237425
-0.250043
-0.262616
-0.275141
-0.287616
-0.300038
-0.312406
-0.324717
-0.336969
-0.34916
-0.361287
-0.373349
-0.385343
-0.397267
-0.409118
-0.420896
-0.432597
-0.44422
-0.455763
-0.467223
-0.478599
-0.489888
-0.501088
-0.512198
-0.523216
-0.534139
-0.544966
-0.555695
-0.566323
-0.57685
-0.587273
-0.597591
-0.607801
-0.617902
-0.627892
-0.63777
-0.647533
-0.65718
-0.66671
-0.676121
-0.685411
-0.694579
-0.703623
-0.712541
-0.721333
-0.729996
-0.73853
-0.746932
-0.755202
-0.763337
-0.771338
-0.779202
-0.786928
-0.794515
-0.801961
-0.809266
-0.816429
-0.823447
-0.830321
-0.837049
-0.843629
-0.850062
-0.856345
-0.862479
-0.868461
-0.874292
-0.87997
-0.885494
-0.890863
-0.896078
-0.901137
-0.906038
-0.910783
-0.915369
-0.919797
-0.924065
-0.928173
-0.932121
-0.935908
-0.939533
-0.942997
-0.946298
-0.949436
-0.952411
-0.955222
-0.95787
-0.960353
-0.962672
-0.964826
-0.966816
-0.968641
-0.9703
-0.971794
-0.973123
-0.974286
-0.975284
-0.976116
-0.976783
-0.977285
-0.977621
-0.977792
-0.977798
-0.977639
-0.977315
-0.976827
-0.976175
-0.975359
-0.974379
-0.973236
-0.971929
-0.970461
-0.96883
-0.967037
-0.965083
-0.962968
-0.960693
-0.958258
-0.955664
-0.952911
-0.95
-0.946932
-0.943707
-0.940327
-0.93679
-0.9331
-0.929255
-0.925257
-0.921107
-0.916806
-0.912354
-0.907752
-0.903001
-0.898103
-0.893057
-0.887866
-0.882529
-0.877048
-0.871424
-0.865659
-0.859752
-0.853706
-0.84752
-0.841197
-0.834738
-0.828143
-0.821414
-0.814552
-0.807559
-0.800435
-0.793181
-0.7858
-0.778292
-0.770658
-0.762901
-0.755021
-0.747019
-0.738898
-0.730658
-0.7223
-0.713827
-0.70524
-0.696539
-0.687728
-0.678806
-0.669776
-0.660639
-0.651397
-0.642051
-0.632602
-0.623053
-0.613405
-0.603659
-0.593817
-0.583881
-0.573852
-0.563732
-0.553522
-0.543225
-0.532842
-0.522375
-0.511824
-0.501193
-0.490483
-0.479695
-0.468831
-0.457894
-0.446884
-0.435803
-0.424654
-0.413438
-0.402157
-0.390812
-0.379406
-0.36794
-0.356416
-0.344837
-0.333203
-0.321516
-0.309779
-0.297994
-0.286161
-0.274284
-0.262364
-0.250402
-0.238401
-0.226363
-0.21429
-0.202182
-0.190043
-0.177874
-0.165678
-0.153455
-0.141208
-0.12894
-0.116651
-0.104343
-0.0920197
-0.0796817
-0.0673311
-0.0549701
-0.0426004
-0.030224
-0.0178429
-0.00545904
0.00692572
0.0193094
0.0316901
0.0440658
0.0564346
0.0687946
0.0811438
0.0934803
0.105802
0.118108
0.130394
0.142661
0.154905
0.167125
0.179318
0.191484
0.203619
0.215723
0.227793
0.239827
0.251823
0.26378
0.275695
0.287567
0.299394
0.311174
0.322905
0.334585
0.346213
0.357786
0.369303
0.380761
0.39216
0.403497
0.41477
0.425977
0.437118
0.44819
0.45919
0.470118
0.480972
0.49175
0.50245
0.51307
0.52361
0.534066
0.544437
0.554722
0.564919
0.575027
0.585042
0.594965
0.604793
0.614525
0.624159
0.633694
0.643127
0.652458
0.661684
0.670805
0.679818
0.688723
0.697517
0.7062
0.714769
0.723224
0.731562
0.739783
0.747885
0.755866
0.763726
0.771462
0.779074
0.786561
0.79392
0.801151
0.808252
0.815222
0.82206
0.828764
0.835334
0.841768
0.848066
0.854225
0.860245
0.866125
0.871863
0.877459
0.882911
0.888219
0.893382
0.898398
0.903266
0.907986
0.912557
0.916978
0.921247
0.925365
0.92933
0.933142
0.936799
0.940301
0.943648
0.946838
0.949871
0.952746
0.955463
0.95802
0.960418
0.962656
0.964733
0.966649
0.968403
0.969996
0.971425
0.972692
0.973795
0.974735
0.97551
0.976121
0.976568
0.97685
0.976967
0.976918
0.976705
0.976326
0.975781
0.97507
0.974194
0.973152
0.971945
0.970571
0.969032
0.967328
0.965458
0.963423
0.961223
0.958858
0.956329
0.953635
0.950777
0.947756
0.944571
0.941223
0.937713
0.934041
0.930207
0.926212
0.922057
0.917741
0.913266
0.908633
0.903841
0.898892
0.893787
0.888525
0.883108
0.877537
0.871812
0.865935
0.859906
0.853726
0.847396
0.840918
0.834291
0.827517
0.820598
0.813534
0.806327
0.798977
0.791485
0.783854
0.776084
0.768176
0.760132
0.751954
0.743641
0.735197
0.726621
0.717917
0.709084
0.700125
0.691041
0.681833
0.672504
0.663055
0.653486
0.643801
0.634001
0.624086
0.61406
0.603924
0.593679
0.583327
0.57287
0.562311
0.55165
0.540889
0.530031
0.519078
0.508031
0.496892
0.485663
0.474346
0.462944
0.451458
0.43989
0.428242
0.416517
0.404717
0.392843
0.380897
0.368883
0.356802
0.344655
0.332447
0.320177
0.30785
0.295467
0.283029
0.270541
0.258003
0.245418
0.232788
0.220116
0.207404
0.194654
0.181869
0.16905
0.156201
0.143323
0.130419
0.117491
0.104542
0.0915735
0.0785885
0.0655892
0.0525779
0.039557
0.0265289
0.0134959
0.000460497
-0.012575
-0.0256082
-0.0386367
-0.0516581
-0.0646701
-0.0776704
-0.0906564
-0.103626
-0.116576
-0.129506
-0.142411
-0.155291
-0.168142
-0.180963
-0.193751
-0.206503
-0.219218
-0.231893
-0.244526
-0.257114
-0.269655
-0.282147
-0.294588
-0.306976
-0.319307
-0.331581
-0.343794
-0.355945
-0.368032
-0.380051
-0.392002
-0.403882
-0.415688
-0.427419
-0.439073
-0.450647
-0.46214
-0.473549
-0.484873
-0.496109
-0.507256
-0.518311
-0.529273
-0.54014
-0.550909
-0.561579
-0.572148
-0.582614
-0.592976
-0.603231
-0.613378
-0.623415
-0.63334
-0.643152
-0.652849
-0.662429
-0.671891
-0.681232
-0.690453
-0.69955
-0.708523
-0.717369
-0.726088
-0.734678
-0.743137
-0.751465
-0.759659
-0.767719
-0.775643
-0.78343
-0.791078
-0.798586
-0.805954
-0.813179
-0.820262
-0.8272
-0.833992
-0.840638
-0.847137
-0.853487
-0.859687
-0.865737
-0.871636
-0.877382
-0.882975
-0.888414
-0.893698
-0.898827
-0.903799
-0.908615
-0.913272
-0.917771
-0.922112
-0.926292
-0.930312
-0.934172
-0.937871
-0.941407
-0.944782
-0.947994
-0.951043
-0.953928
-0.95665
-0.959208
-0.961601
-0.963831
-0.965895
-0.967794
-0.969529
-0.971098
-0.972501
-0.97374
-0.974813
-0.97572
-0.976462
-0.977039
-0.97745
-0.977696
-0.977777
-0.977693
-0.977444
-0.97703
-0.976452
-0.97571
-0.974805
-0.973735
-0.972503
-0.971107
-0.96955
-0.96783
-0.965949
-0.963906
-0.961703
-0.95934
-0.956818
-0.954136
-0.951296
-0.948299
-0.945144
-0.941833
-0.938366
-0.934745
-0.930969
-0.927039
-0.922957
-0.918723
-0.914338
-0.909802
-0.905117
-0.900284
-0.895304
-0.890176
-0.884904
-0.879486
-0.873925
-0.868222
-0.862377
-0.856391
-0.850267
-0.844004
-0.837603
-0.831067
-0.824396
-0.817592
-0.810655
-0.803587
-0.796389
-0.789063
-0.781609
-0.774029
-0.766324
-0.758496
-0.750546
-0.742475
-0.734285
-0.725977
-0.717552
-0.709012
-0.700359
-0.691594
-0.682717
-0.673732
-0.664639
-0.65544
-0.646136
-0.636729
-0.627221
-0.617613
-0.607906
-0.598103
-0.588204
-0.578212
-0.568128
-0.557954
-0.547691
-0.537342
-0.526907
-0.516389
-0.505789
-0.495109
-0.48435
-0.473515
-0.462606
-0.451623
-0.440568
-0.429444
-0.418253
-0.406995
-0.395673
-0.384289
-0.372844
-0.361341
-0.34978
-0.338165
-0.326496
-0.314776
-0.303006
-0.291189
-0.279326
-0.267419
-0.25547
-0.243481
-0.231454
-0.21939
-0.207292
-0.195161
-0.183
-0.17081
-0.158593
-0.146352
-0.134087
-0.121801
-0.109497
-0.0971747
-0.0848375
-0.072487
-0.0601252
-0.0477539
-0.0353752
-0.0229909
-0.010603
0.00178662
0.0141759
0.026563
0.0389459
0.0513228
0.0636916
0.0760504
0.0883973
0.10073
0.113048
0.125347
0.137627
0.149885
0.16212
0.174329
0.186511
0.198664
0.210785
0.222874
0.234927
0.246944
0.258921
0.270858
0.282753
0.294603
0.306406
0.318162
0.329867
0.34152
0.35312
0.364664
0.37615
0.387577
0.398943
0.410246
0.421484
0.432656
0.443759
0.454792
0.465753
0.476641
0.487453
0.498187
0.508843
0.519418
0.529911
0.54032
0.550643
0.560878
0.571024
0.581079
0.591042
0.600911
0.610684
0.620359
0.629936
0.639412
0.648786
0.658056
0.667221
0.676279
0.685229
0.694069
0.702798
0.711414
0.719915
0.728301
0.73657
0.74472
0.752751
0.76066
0.768446
0.776108
0.783645
0.791055
0.798337
0.80549
0.812512
0.819403
0.82616
0.832783
0.839271
0.845622
0.851836
0.857911
0.863845
0.869639
0.87529
0.880799
0.886163
0.891382
0.896454
0.90138
0.906157
0.910786
0.915264
0.919592
0.923768
0.927792
0.931662
0.935378
0.93894
0.942346
0.945595
0.948688
0.951623
0.9544
0.957018
0.959476
0.961775
0.963913
0.965889
0.967705
0.969358
0.970849
0.972177
0.973341
0.974342
0.97518
0.975853
0.976361
0.976705
0.976883
0.976897
0.976745
0.976428
0.975945
0.975296
0.974482
0.973502
0.972356
0.971045
0.969568
0.967925
0.966117
0.964144
0.962005
0.959702
0.957234
0.954602
0.951805
0.948845
0.945721
0.942434
0.938985
0.935373
0.931599
0.927665
0.923569
0.919314
0.914899
0.910325
0.905592
0.900702
0.895656
0.890453
0.885094
0.879581
0.873914
0.868094
0.862123
0.856
0.849726
0.843304
0.836733
0.830016
0.823152
0.816143
0.80899
0.801694
0.794257
0.786679
0.778962
0.771107
0.763116
0.754989
0.746728
0.738334
0.729809
0.721155
0.712372
0.703462
0.694426
0.685267
0.675985
0.666583
0.657061
0.647422
0.637667
0.627798
0.617816
0.607724
0.597522
0.587213
0.576798
0.56628
0.55566
0.54494
0.534121
0.523207
0.512198
0.501096
0.489905
0.478624
0.467258
0.455806
0.444273
0.432659
0.420966
0.409198
0.397355
0.385441
0.373456
0.361404
0.349286
0.337105
0.324862
0.312561
0.300202
0.287789
0.275324
0.262809
0.250246
0.237638
0.224986
0.212293
0.199562
0.186794
0.173992
0.161159
0.148296
0.135407
0.122492
0.109555
0.0965987
0.0836244
0.0706348
0.0576324
0.0446195
0.0315985
0.0185716
0.00554146
-0.00748973
-0.0205195
-0.0335456
-0.0465656
-0.059577
-0.0725776
-0.0855649
-0.0985367
-0.11149
-0.124424
-0.137335
-0.150221
-0.163079
-0.175908
-0.188704
-0.201467
-0.214192
-0.226879
-0.239524
-0.252126
-0.264682
-0.27719
-0.289648
-0.302053
-0.314403
-0.326696
-0.33893
-0.351102
-0.363211
-0.375253
-0.387228
-0.399133
-0.410966
-0.422724
-0.434405
-0.446009
-0.457531
-0.468971
-0.480327
-0.491595
-0.502775
-0.513865
-0.524862
-0.535764
-0.546571
-0.557278
-0.567886
-0.578392
-0.588794
-0.59909
-0.609279
-0.619359
-0.629328
-0.639185
-0.648927
-0.658553
-0.668062
-0.677452
-0.686721
-0.695867
-0.70489
-0.713787
-0.722558
-0.7312
-0.739712
-0.748094
-0.756342
-0.764457
-0.772437
-0.78028
-0.787985
-0.795552
-0.802978
-0.810262
-0.817404
-0.824402
-0.831256
-0.837963
-0.844524
-0.850936
-0.857199
-0.863313
-0.869276
-0.875086
-0.880744
-0.886249
-0.891599
-0.896794
-0.901834
-0.906716
-0.911441
-0.916009
-0.920417
-0.924667
-0.928756
-0.932685
-0.936454
-0.94006
-0.943505
-0.946788
-0.949908
-0.952865
-0.955658
-0.958288
-0.960753
-0.963054
-0.965191
-0.967163
-0.96897
-0.970612
-0.972088
-0.9734
-0.974546
-0.975526
-0.976341
-0.976991
-0.977476
-0.977795
-0.977949
-0.977938
-0.977763
-0.977423
-0.976918
-0.976249
-0.975416
-0.97442
-0.97326
-0.971937
-0.970452
-0.968805
-0.966996
-0.965026
-0.962895
-0.960603
-0.958152
-0.955542
-0.952773
-0.949846
-0.946762
-0.943521
-0.940124
-0.936572
-0.932865
-0.929005
-0.924991
-0.920825
-0.916507
-0.912039
-0.907422
-0.902655
-0.897741
-0.892679
-0.887472
-0.882119
-0.876622
-0.870983
-0.865201
-0.859278
-0.853216
-0.847014
-0.840676
-0.8342
-0.827589
-0.820845
-0.813967
-0.806957
-0.799817
-0.792548
-0.78515
-0.777626
-0.769977
-0.762203
-0.754307
-0.746289
-0.738152
-0.729895
-0.721522
-0.713033
-0.70443
-0.695713
-0.686885
-0.677948
-0.668902
-0.659749
-0.65049
-0.641128
-0.631664
-0.622099
-0.612434
-0.602672
-0.592815
-0.582863
-0.572818
-0.562682
-0.552457
-0.542144
-0.531746
-0.521262
-0.510697
-0.50005
-0.489324
-0.478521
-0.467642
-0.456689
-0.445664
-0.434568
-0.423404
-0.412173
-0.400877
-0.389518
-0.378097
-0.366616
-0.355078
-0.343484
-0.331836
-0.320135
-0.308384
-0.296585
-0.284739
-0.272848
-0.260914
-0.248939
-0.236926
-0.224874
-0.212788
-0.200668
-0.188517
-0.176335
-0.164127
-0.151892
-0.139634
-0.127354
-0.115053
-0.102735
-0.0904006
-0.078052
-0.0656911
-0.0533199
-0.0409404
-0.0285544
-0.0161639
-0.00377092
0.00862267
0.0210149
0.0334039
0.0457876
0.0581641
0.0705315
0.0828878
0.0952312
0.10756
0.119871
0.132164
0.144436
0.156685
0.16891
0.181108
0.193277
0.205417
0.217524
0.229596
0.241633
0.253632
0.26559
0.277507
0.289381
0.301208
0.312989
0.324719
0.336399
0.348026
0.359598
0.371113
0.382569
0.393965
0.405299
0.416569
0.427773
0.438909
0.449976
0.460971
0.471893
0.482741
0.493512
0.504205
0.514818
0.525349
0.535797
0.546159
0.556435
0.566622
0.576719
0.586724
0.596635
0.606452
0.616171
0.625792
0.635313
0.644733
0.654049
0.663261
0.672367
0.681364
0.690253
0.69903
0.707695
0.716247
0.724683
0.733003
0.741204
0.749286
0.757248
0.765087
0.772802
0.780392
0.787856
0.795193
0.802401
0.809478
0.816424
0.823238
0.829917
0.836462
0.84287
0.849141
0.855273
0.861266
0.867118
0.872828
0.878396
0.883819
0.889098
0.89423
0.899216
0.904054
0.908743
0.913282
0.917671
0.921909
0.925994
0.929926
0.933704
0.937328
0.940796
0.944108
0.947264
0.950262
0.953101
0.955782
0.958304
0.960666
0.962867
0.964908
0.966786
0.968503
0.970058
0.97145
0.972678
0.973743
0.974644
0.975381
0.975954
0.976361
0.976604
0.976681
0.976593
0.97634
0.975921
0.975336
0.974586
0.973669
0.972587
0.971339
0.969926
0.968346
0.966601
0.964691
0.962616
0.960375
0.95797
0.9554
0.952665
0.949767
0.946705
0.94348
0.940092
0.936541
0.932829
0.928955
0.92492
0.920725
0.91637
0.911856
0.907183
0.902352
0.897364
0.89222
0.88692
0.881465
0.875855
0.870093
0.864178
0.858112
0.851895
0.845528
0.839013
0.83235
0.825541
0.818586
0.811487
0.804245
0.79686
0.789335
0.78167
0.773867
0.765926
0.75785
0.749639
0.741295
0.732819
0.724213
0.715478
0.706616
0.697628
0.688515
0.679279
0.669922
0.660445
0.65085
0.641139
0.631313
0.621373
0.611323
0.601162
0.590894
0.580519
0.57004
0.559459
0.548777
0.537996
0.527118
0.516145
0.505079
0.493922
0.482676
0.471342
0.459924
0.448422
0.436839
0.425177
0.413438
0.401625
0.389738
0.377781
0.365756
0.353664
0.341508
0.32929
0.317012
0.304676
0.292286
0.279842
0.267347
0.254804
0.242214
0.229581
0.216905
0.20419
0.191438
0.178651
0.165832
0.152982
0.140105
0.127202
0.114276
0.101329
0.0883636
0.0753821
0.0623869
0.0493803
0.0363647
0.0233425
0.0103161
-0.00271221
-0.01574
-0.028765
-0.0417847
-0.0547968
-0.0677989
-0.0807886
-0.0937636
-0.106722
-0.11966
-0.132577
-0.145469
-0.158336
-0.171173
-0.183979
-0.196752
-0.209489
-0.222187
-0.234846
-0.247462
-0.260032
-0.272556
-0.28503
-0.297453
-0.309821
-0.322133
-0.334387
-0.34658
-0.358711
-0.370776
-0.382775
-0.394704
-0.406562
-0.418346
-0.430055
-0.441686
-0.453237
-0.464707
-0.476092
-0.487392
-0.498604
-0.509727
-0.520757
-0.531694
-0.542536
-0.55328
-0.563925
-0.574468
-0.584909
-0.595244
-0.605473
-0.615594
-0.625605
-0.635504
-0.645289
-0.654959
-0.664512
-0.673947
-0.683262
-0.692456
-0.701526
-0.710471
-0.719291
-0.727982
-0.736545
-0.744977
-0.753277
-0.761444
-0.769477
-0.777373
-0.785133
-0.792754
-0.800235
-0.807575
-0.814774
-0.821829
-0.82874
-0.835505
-0.842124
-0.848596
-0.854919
-0.861093
-0.867116
-0.872988
-0.878708
-0.884275
-0.889687
-0.894946
-0.900048
-0.904995
-0.909784
-0.914416
-0.91889
-0.923205
-0.92736
-0.931356
-0.93519
-0.938864
-0.942376
-0.945726
-0.948914
-0.951939
-0.9548
-0.957498
-0.960033
-0.962403
-0.964608
-0.96665
-0.968526
-0.970238
-0.971784
-0.973166
-0.974382
-0.975433
-0.976318
-0.977039
-0.977594
-0.977984
-0.978209
-0.978269
-0.978164
-0.977894
-0.97746
-0.976862
-0.9761
-0.975175
-0.974085
-0.972833
-0.971419
-0.969842
-0.968103
-0.966203
-0.964142
-0.961921
-0.95954
-0.956999
-0.9543
-0.951442
-0.948427
-0.945255
-0.941926
-0.938443
-0.934804
-0.931011
-0.927065
-0.922966
-0.918716
-0.914314
-0.909763
-0.905062
-0.900213
-0.895217
-0.890074
-0.884786
-0.879354
-0.873778
-0.868059
-0.862199
-0.856199
-0.85006
-0.843782
-0.837368
-0.830818
-0.824133
-0.817314
-0.810364
-0.803282
-0.79607
-0.78873
-0.781263
-0.77367
-0.765952
-0.75811
-0.750147
-0.742063
-0.73386
-0.72554
-0.717102
-0.70855
-0.699884
-0.691106
-0.682218
-0.67322
-0.664115
-0.654904
-0.645588
-0.63617
-0.62665
-0.61703
-0.607311
-0.597496
-0.587586
-0.577583
-0.567488
-0.557302
-0.547029
-0.536668
-0.526222
-0.515693
-0.505082
-0.494392
-0.483622
-0.472777
-0.461856
-0.450863
-0.439798
-0.428664
-0.417462
-0.406195
-0.394863
-0.383469
-0.372014
-0.360501
-0.348931
-0.337306
-0.325627
-0.313898
-0.302119
-0.290293
-0.278421
-0.266505
-0.254547
-0.242549
-0.230513
-0.218441
-0.206334
-0.194195
-0.182026
-0.169828
-0.157603
-0.145354
-0.133082
-0.120788
-0.108476
-0.0961472
-0.0838029
-0.0714455
-0.0590769
-0.046699
-0.0343138
-0.0219232
-0.00952912
0.00286643
0.0152615
0.0276542
0.0400426
0.0524247
0.0647985
0.0771622
0.0895137
0.101851
0.114173
0.126476
0.13876
0.151022
0.16326
0.175473
0.187657
0.199813
0.211937
0.224027
0.236083
0.248101
0.26008
0.272018
0.283914
0.295764
0.307568
0.319324
0.331029
0.342682
0.354281
0.365823
0.377308
0.388734
0.400098
0.411398
0.422634
0.433803
0.444903
0.455932
0.46689
0.477773
0.48858
0.49931
0.509961
0.52053
0.531017
0.541419
0.551735
0.561964
0.572102
0.58215
0.592105
0.601965
0.611729
0.621395
0.630962
0.640428
0.649792
0.659051
0.668205
0.677251
0.686189
0.695017
0.703732
0.712335
0.720823
0.729195
0.737449
0.745585
0.7536
0.761493
0.769263
0.776909
0.784428
0.791821
0.799085
0.80622
0.813224
0.820095
0.826833
0.833436
0.839904
0.846234
0.852427
0.85848
0.864392
0.870164
0.875792
0.881278
0.886618
0.891813
0.896861
0.901762
0.906514
0.911117
0.91557
0.919871
0.92402
0.928017
0.93186
0.935548
0.939081
0.942459
0.945679
0.948743
0.951648
0.954395
0.956982
0.95941
0.961678
0.963784
0.965729
0.967513
0.969133
0.970592
0.971887
0.973018
0.973986
0.974789
0.975428
0.975902
0.976212
0.976356
0.976334
0.976147
0.975794
0.975276
0.974592
0.973741
0.972725
0.971543
0.970195
0.968681
0.967002
0.965157
0.963146
0.960971
0.95863
0.956124
0.953454
0.95062
0.947622
0.944461
0.941136
0.937649
0.933999
0.930188
0.926215
0.922082
0.917788
0.913336
0.908724
0.903954
0.899026
0.893941
0.888701
0.883305
0.877754
0.87205
0.866193
0.860185
0.854025
0.847715
0.841256
0.834649
0.827895
0.820995
0.813951
0.806762
0.799431
0.791959
0.784346
0.776595
0.768706
0.76068
0.75252
0.744226
0.735799
0.727242
0.718555
0.70974
0.700798
0.691732
0.682542
0.67323
0.663797
0.654246
0.644578
0.634794
0.624897
0.614887
0.604767
0.594539
0.584203
0.573763
0.563219
0.552574
0.54183
0.530988
0.52005
0.509018
0.497894
0.486681
0.47538
0.463993
0.452521
0.440968
0.429336
0.417625
0.405839
0.39398
0.382048
0.370048
0.357981
0.345848
0.333653
0.321398
0.309084
0.296713
0.284289
0.271813
0.259288
0.246716
0.234099
0.221439
0.208739
0.196001
0.183227
0.17042
0.157582
0.144715
0.131822
0.118905
0.105966
0.0930075
0.0800325
0.0670428
0.0540409
0.0410292
0.02801
0.0149857
0.00195867
-0.0110687
-0.0240941
-0.0371151
-0.0501293
-0.0631344
-0.076128
-0.0891077
-0.102071
-0.115016
-0.12794
-0.140841
-0.153716
-0.166563
-0.17938
-0.192164
-0.204914
-0.217626
-0.230298
-0.242929
-0.255515
-0.268056
-0.280547
-0.292988
-0.305375
-0.317708
-0.329982
-0.342197
-0.35435
-0.366439
-0.378461
-0.390415
-0.402299
-0.414109
-0.425845
-0.437504
-0.449085
-0.460584
-0.472
-0.483331
-0.494575
-0.50573
-0.516794
-0.527766
-0.538642
-0.549422
-0.560103
-0.570684
-0.581162
-0.591537
-0.601805
-0.611966
-0.622018
-0.631958
-0.641786
-0.651499
-0.661096
-0.670575
-0.679935
-0.689173
-0.69829
-0.707282
-0.716149
-0.724889
-0.7335
-0.741982
-0.750332
-0.75855
-0.766633
-0.774582
-0.782393
-0.790067
-0.797602
-0.804996
-0.812249
-0.81936
-0.826326
-0.833148
-0.839823
-0.846352
-0.852733
-0.858965
-0.865046
-0.870977
-0.876756
-0.882383
-0.887856
-0.893175
-0.898339
-0.903347
-0.908198
-0.912892
-0.917429
-0.921806
-0.926025
-0.930084
-0.933983
-0.937721
-0.941297
-0.944712
-0.947965
-0.951055
-0.953982
-0.956746
-0.959346
-0.961783
-0.964055
-0.966163
-0.968107
-0.969885
-0.971499
-0.972948
-0.974232
-0.97535
-0.976304
-0.977092
-0.977715
-0.978173
-0.978466
-0.978594
-0.978557
-0.978356
-0.977991
-0.977461
-0.976767
-0.97591
-0.974889
-0.973705
-0.972359
-0.97085
-0.96918
-0.967347
-0.965354
-0.963201
-0.960887
-0.958414
-0.955782
-0.952992
-0.950044
-0.946939
-0.943677
-0.94026
-0.936687
-0.932961
-0.92908
-0.925047
-0.920862
-0.916526
-0.912039
-0.907403
-0.902618
-0.897686
-0.892607
-0.887382
-0.882013
-0.876499
-0.870843
-0.865045
-0.859106
-0.853028
-0.846811
-0.840457
-0.833966
-0.82734
-0.820581
-0.813689
-0.806665
-0.799511
-0.792228
-0.784817
-0.777279
-0.769617
-0.761831
-0.753922
-0.745892
-0.737742
-0.729474
-0.721089
-0.712588
-0.703973
-0.695245
-0.686407
-0.677458
-0.668402
-0.659238
-0.64997
-0.640597
-0.631123
-0.621548
-0.611874
-0.602103
-0.592236
-0.582275
-0.572222
-0.562077
-0.551844
-0.541522
-0.531115
-0.520624
-0.510051
-0.499396
-0.488663
-0.477852
-0.466966
-0.456006
-0.444974
-0.433872
-0.422701
-0.411463
-0.400161
-0.388795
-0.377368
-0.365882
-0.354338
-0.342738
-0.331084
-0.319378
-0.307622
-0.295817
-0.283966
-0.27207
-0.260132
-0.248152
-0.236134
-0.224078
-0.211988
-0.199863
-0.187708
-0.175523
-0.163311
-0.151072
-0.138811
-0.126527
-0.114223
-0.101902
-0.0895645
-0.077213
-0.0648493
-0.0524756
-0.0400935
-0.0277052
-0.0153125
-0.00291748
0.00947805
0.0218721
0.0342627
0.0466479
0.0590258
0.0713944
0.0837519
0.0960961
0.108425
0.120737
0.133031
0.145303
0.157552
0.169777
0.181975
0.194144
0.206283
0.218389
0.230461
0.242497
0.254494
0.266452
0.278367
0.290239
0.302065
0.313843
0.325571
0.337249
0.348873
0.360442
0.371954
0.383407
0.394799
0.406129
0.417395
0.428595
0.439727
0.450789
0.46178
0.472697
0.48354
0.494305
0.504993
0.515599
0.526124
0.536566
0.546921
0.55719
0.56737
0.577459
0.587456
0.59736
0.607168
0.616879
0.626491
0.636003
0.645413
0.65472
0.663922
0.673017
0.682004
0.690881
0.699648
0.708302
0.716841
0.725266
0.733573
0.741762
0.749831
0.757779
0.765604
0.773306
0.780882
0.788331
0.795653
0.802845
0.809907
0.816837
0.823634
0.830298
0.836825
0.843216
0.84947
0.855584
0.861559
0.867392
0.873084
0.878632
0.884036
0.889294
0.894407
0.899372
0.904189
0.908857
0.913374
0.917741
0.921956
0.926019
0.929928
0.933683
0.937283
0.940728
0.944016
0.947146
0.950119
0.952934
0.955589
0.958085
0.960421
0.962596
0.964609
0.966461
0.968151
0.969678
0.971041
0.972242
0.973278
0.97415
0.974858
0.975401
0.975779
0.975992
0.976039
0.975921
0.975637
0.975187
0.974571
0.973789
0.972841
0.971727
0.970447
0.969002
0.96739
0.965612
0.963669
0.961561
0.959287
0.956848
0.954245
0.951477
0.948545
0.945449
0.94219
0.938768
0.935184
0.931437
0.927529
0.923459
0.91923
0.91484
0.910291
0.905584
0.900718
0.895695
0.890516
0.885181
0.879692
0.874048
0.86825
0.862301
0.8562
0.849948
0.843547
0.836998
0.8303
0.823457
0.816468
0.809335
0.802059
0.79464
0.787081
0.779383
0.771546
0.763573
0.755464
0.74722
0.738844
0.730336
0.721698
0.712931
0.704037
0.695018
0.685874
0.676607
0.66722
0.657713
0.648088
0.638348
0.628492
0.618524
0.608445
0.598256
0.58796
0.577559
0.567053
0.556445
0.545737
0.53493
0.524027
0.51303
0.501939
0.490758
0.479489
0.468133
0.456692
0.445168
0.433564
0.421881
0.410122
0.398289
0.386383
0.374407
0.362363
0.350254
0.338081
0.325846
0.313553
0.301202
0.288797
0.276339
0.263831
0.251274
0.238673
0.226027
0.213341
0.200615
0.187854
0.175058
0.16223
0.149372
0.136487
0.123578
0.110646
0.0976935
0.0847235
0.071738
0.0587394
0.0457301
0.0327125
0.0196889
0.00666172
-0.00636668
-0.0193939
-0.0324176
-0.0454354
-0.058445
-0.0714439
-0.0844298
-0.0974003
-0.110353
-0.123286
-0.136196
-0.149082
-0.16194
-0.174769
-0.187566
-0.200329
-0.213056
-0.225744
-0.238391
-0.250994
-0.263552
-0.276063
-0.288523
-0.300931
-0.313284
-0.32558
-0.337818
-0.349994
-0.362107
-0.374155
-0.386135
-0.398045
-0.409883
-0.421647
-0.433335
-0.444945
-0.456475
-0.467922
-0.479285
-0.490562
-0.501751
-0.512849
-0.523855
-0.534767
-0.545583
-0.556301
-0.566919
-0.577436
-0.58785
-0.598158
-0.608359
-0.618451
-0.628434
-0.638303
-0.648059
-0.6577
-0.667223
-0.676628
-0.685912
-0.695075
-0.704114
-0.713028
-0.721816
-0.730475
-0.739006
-0.747406
-0.755673
-0.763807
-0.771807
-0.77967
-0.787396
-0.794984
-0.802431
-0.809738
-0.816902
-0.823923
-0.8308
-0.837531
-0.844116
-0.850553
-0.856842
-0.862981
-0.868969
-0.874807
-0.880492
-0.886024
-0.891402
-0.896625
-0.901693
-0.906605
-0.911359
-0.915957
-0.920396
-0.924676
-0.928797
-0.932758
-0.936558
-0.940197
-0.943675
-0.946991
-0.950145
-0.953136
-0.955964
-0.958628
-0.961129
-0.963466
-0.965638
-0.967647
-0.96949
-0.971169
-0.972683
-0.974032
-0.975217
-0.976236
-0.97709
-0.977778
-0.978302
-0.978661
-0.978856
-0.978885
-0.97875
-0.97845
-0.977987
-0.977359
-0.976568
-0.975613
-0.974496
-0.973215
-0.971772
-0.970168
-0.968402
-0.966474
-0.964386
-0.962138
-0.959731
-0.957164
-0.954439
-0.951556
-0.948516
-0.945319
-0.941966
-0.938458
-0.934795
-0.930979
-0.92701
-0.922888
-0.918615
-0.914192
-0.909618
-0.904896
-0.900026
-0.895009
-0.889846
-0.884537
-0.879085
-0.873489
-0.867752
-0.861873
-0.855854
-0.849697
-0.843401
-0.836969
-0.830402
-0.8237
-0.816865
-0.809898
-0.8028
-0.795573
-0.788218
-0.780736
-0.773128
-0.765395
-0.75754
-0.749563
-0.741466
-0.73325
-0.724916
-0.716466
-0.707902
-0.699224
-0.690435
-0.681535
-0.672527
-0.663411
-0.654189
-0.644863
-0.635435
-0.625905
-0.616276
-0.606549
-0.596725
-0.586807
-0.576795
-0.566692
-0.556499
-0.546218
-0.53585
-0.525397
-0.514861
-0.504244
-0.493547
-0.482772
-0.471921
-0.460995
-0.449996
-0.438927
-0.427788
-0.416581
-0.405309
-0.393973
-0.382575
-0.371117
-0.3596
-0.348027
-0.336399
-0.324718
-0.312986
-0.301205
-0.289376
-0.277502
-0.265584
-0.253625
-0.241625
-0.229588
-0.217515
-0.205407
-0.193268
-0.181098
-0.168899
-0.156674
-0.144425
-0.132152
-0.119859
-0.107548
-0.0952191
-0.0828756
-0.0705191
-0.0581515
-0.0457748
-0.0333909
-0.0210017
-0.00860931
0.00378446
0.0161776
0.0285683
0.0409544
0.0533341
0.0657055
0.0780665
0.0904153
0.10275
0.115068
0.127369
0.139649
0.151907
0.164142
0.176351
0.188532
0.200683
0.212803
0.224889
0.23694
0.248954
0.260928
0.272862
0.284752
0.296597
0.308396
0.320146
0.331846
0.343493
0.355086
0.366622
0.378101
0.389521
0.400878
0.412172
0.423401
0.434563
0.445656
0.456678
0.467628
0.478504
0.489303
0.500025
0.510668
0.521229
0.531708
0.542102
0.552409
0.562629
0.572758
0.582797
0.592742
0.602593
0.612347
0.622003
0.63156
0.641016
0.650369
0.659618
0.668761
0.677796
0.686723
0.695539
0.704243
0.712834
0.72131
0.729669
0.737911
0.746034
0.754036
0.761916
0.769673
0.777305
0.784811
0.79219
0.79944
0.80656
0.813549
0.820405
0.827128
0.833716
0.840168
0.846483
0.852659
0.858696
0.864592
0.870346
0.875958
0.881425
0.886748
0.891925
0.896956
0.901838
0.906572
0.911156
0.915589
0.919871
0.924001
0.927978
0.9318
0.935468
0.938981
0.942337
0.945537
0.948579
0.951462
0.954187
0.956753
0.959158
0.961403
0.963486
0.965408
0.967168
0.968765
0.9702
0.97147
0.972577
0.97352
0.974299
0.974913
0.975361
0.975645
0.975763
0.975715
0.975502
0.975123
0.974578
0.973866
0.972989
0.971945
0.970735
0.96936
0.967818
0.96611
0.964237
0.962198
0.959993
0.957623
0.955089
0.952389
0.949526
0.946498
0.943307
0.939952
0.936435
0.932755
0.928913
0.92491
0.920747
0.916423
0.911939
0.907296
0.902495
0.897536
0.892421
0.887149
0.881722
0.87614
0.870405
0.864517
0.858476
0.852285
0.845944
0.839454
0.832815
0.82603
0.819099
0.812023
0.804803
0.797441
0.789937
0.782294
0.774511
0.766591
0.758535
0.750344
0.742019
0.733562
0.724974
0.716257
0.707412
0.698441
0.689345
0.680125
0.670784
0.661323
0.651743
0.642046
0.632234
0.622308
0.61227
0.602123
0.591867
0.581505
0.571037
0.560467
0.549796
0.539026
0.528158
0.517195
0.506139
0.494991
0.483753
0.472428
0.461018
0.449524
0.437948
0.426293
0.414561
0.402754
0.390874
0.378922
0.366902
0.354815
0.342664
0.33045
0.318177
0.305845
0.293458
0.281018
0.268526
0.255985
0.243398
0.230767
0.218093
0.20538
0.192629
0.179844
0.167025
0.154176
0.141299
0.128396
0.11547
0.102522
0.0895562
0.0765738
0.0635774
0.0505695
0.0375523
0.0245282
0.0114997
-0.00153094
-0.0145613
-0.027589
-0.0406117
-0.053627
-0.0666325
-0.0796259
-0.0926047
-0.105567
-0.11851
-0.131431
-0.144328
-0.157199
-0.170042
-0.182853
-0.195631
-0.208374
-0.221079
-0.233743
-0.246365
-0.258943
-0.271473
-0.283954
-0.296384
-0.30876
-0.32108
-0.333341
-0.345543
-0.357682
-0.369756
-0.381763
-0.393701
-0.405568
-0.417361
-0.42908
-0.44072
-0.452282
-0.463761
-0.475158
-0.486468
-0.497691
-0.508825
-0.519867
-0.530816
-0.541669
-0.552425
-0.563082
-0.573638
-0.584091
-0.59444
-0.604683
-0.614817
-0.624841
-0.634754
-0.644554
-0.654239
-0.663807
-0.673257
-0.682588
-0.691797
-0.700883
-0.709845
-0.71868
-0.727389
-0.735969
-0.744418
-0.752736
-0.760921
-0.768972
-0.776887
-0.784665
-0.792305
-0.799806
-0.807166
-0.814384
-0.82146
-0.828392
-0.835178
-0.841818
-0.848312
-0.854657
-0.860853
-0.866898
-0.872793
-0.878536
-0.884126
-0.889563
-0.894845
-0.899972
-0.904944
-0.909758
-0.914416
-0.918915
-0.923256
-0.927438
-0.931459
-0.935321
-0.939022
-0.942562
-0.94594
-0.949156
-0.952209
-0.955099
-0.957827
-0.96039
-0.96279
-0.965026
-0.967098
-0.969005
-0.970748
-0.972325
-0.973738
-0.974986
-0.976069
-0.976988
-0.977741
-0.978329
-0.978752
-0.97901
-0.979104
-0.979033
-0.978798
-0.978399
-0.977835
-0.977108
-0.976218
-0.975164
-0.973948
-0.972569
-0.971029
-0.969326
-0.967463
-0.965439
-0.963254
-0.96091
-0.958407
-0.955745
-0.952925
-0.949947
-0.946813
-0.943523
-0.940078
-0.936477
-0.932723
-0.928815
-0.924755
-0.920544
-0.916181
-0.911669
-0.907007
-0.902197
-0.89724
-0.892137
-0.886888
-0.881495
-0.875958
-0.870279
-0.864458
-0.858498
-0.852398
-0.846159
-0.839784
-0.833273
-0.826627
-0.819848
-0.812936
-0.805894
-0.798721
-0.79142
-0.783991
-0.776436
-0.768757
-0.760954
-0.753028
-0.744983
-0.736817
-0.728534
-0.720134
-0.711619
-0.70299
-0.694249
-0.685397
-0.676436
-0.667367
-0.658192
-0.648911
-0.639528
-0.630043
-0.620457
-0.610773
-0.600992
-0.591116
-0.581146
-0.571084
-0.560931
-0.550689
-0.54036
-0.529946
-0.519448
-0.508868
-0.498207
-0.487468
-0.476652
-0.46576
-0.454795
-0.443758
-0.432652
-0.421477
-0.410235
-0.398929
-0.387561
-0.376131
-0.364642
-0.353096
-0.341494
-0.329839
-0.318132
-0.306374
-0.294569
-0.282717
-0.270821
-0.258883
-0.246904
-0.234886
-0.222831
-0.210742
-0.198619
-0.186465
-0.174282
-0.162071
-0.149835
-0.137576
-0.125295
-0.112995
-0.100676
-0.0883424
-0.0759945
-0.0636347
-0.051265
-0.0388872
-0.0265033
-0.0141153
-0.00172507
0.0106654
0.0230543
0.0354395
0.0478191
0.0601912
0.0725539
0.0849052
0.0972432
0.109566
0.121871
0.134158
0.146423
0.158666
0.170883
0.183074
0.195235
0.207366
0.219465
0.231529
0.243556
0.255546
0.267495
0.279402
0.291265
0.303082
0.314851
0.32657
0.338238
0.349853
0.361413
0.372915
0.384359
0.395741
0.407062
0.418317
0.429507
0.440629
0.45168
0.462661
0.473567
0.484399
0.495154
0.50583
0.516426
0.52694
0.53737
0.547714
0.557971
0.568139
0.578217
0.588202
0.598094
0.60789
0.617589
0.627189
0.636688
0.646086
0.65538
0.664569
0.673651
0.682625
0.69149
0.700243
0.708883
0.71741
0.72582
0.734114
0.742289
0.750344
0.758278
0.766089
0.773776
0.781338
0.788772
0.796079
0.803257
0.810304
0.817219
0.824001
0.830648
0.83716
0.843536
0.849773
0.855872
0.86183
0.867647
0.873322
0.878854
0.884241
0.889483
0.894578
0.899526
0.904326
0.908976
0.913476
0.917825
0.922022
0.926067
0.929958
0.933694
0.937276
0.940701
0.94397
0.947082
0.950035
0.95283
0.955466
0.957942
0.960258
0.962412
0.964405
0.966237
0.967906
0.969412
0.970754
0.971933
0.972948
0.973799
0.974485
0.975006
0.975362
0.975552
0.975577
0.975436
0.975129
0.974656
0.974017
0.973212
0.972241
0.971103
0.969799
0.968329
0.966694
0.964892
0.962924
0.960791
0.958493
0.956029
0.9534
0.950607
0.94765
0.944529
0.941244
0.937796
0.934186
0.930413
0.926478
0.922383
0.918127
0.913711
0.909135
0.904401
0.899509
0.894459
0.889253
0.883891
0.878374
0.872703
0.866878
0.860901
0.854773
0.848494
0.842065
0.835488
0.828763
0.821892
0.814876
0.807715
0.800411
0.792965
0.785379
0.777653
0.769789
0.761787
0.753651
0.74538
0.736976
0.728441
0.719775
0.710981
0.70206
0.693014
0.683843
0.67455
0.665136
0.655602
0.645951
0.636184
0.626302
0.616308
0.606203
0.595989
0.585667
0.57524
0.564709
0.554077
0.543344
0.532513
0.521586
0.510564
0.49945
0.488246
0.476953
0.465574
0.454111
0.442565
0.430939
0.419234
0.407454
0.3956
0.383673
0.371677
0.359614
0.347485
0.335292
0.323039
0.310727
0.298359
0.285936
0.273461
0.260936
0.248363
0.235746
0.223085
0.210384
0.197644
0.184868
0.172059
0.159218
0.146348
0.133451
0.12053
0.107587
0.0946244
0.0816445
0.0686496
0.0556422
0.0426247
0.0295994
0.0165687
0.00353489
-0.00949952
-0.0225322
-0.0355608
-0.0485829
-0.0615961
-0.0745981
-0.0875865
-0.100559
-0.113513
-0.126447
-0.139357
-0.152242
-0.165099
-0.177926
-0.190721
-0.203481
-0.216205
-0.228888
-0.24153
-0.254129
-0.266681
-0.279184
-0.291637
-0.304037
-0.316382
-0.32867
-0.340897
-0.353064
-0.365166
-0.377202
-0.389169
-0.401067
-0.412891
-0.424642
-0.436315
-0.44791
-0.459424
-0.470855
-0.482201
-0.49346
-0.50463
-0.51571
-0.526697
-0.537589
-0.548385
-0.559082
-0.569679
-0.580174
-0.590565
-0.60085
-0.611027
-0.621096
-0.631053
-0.640898
-0.650628
-0.660243
-0.66974
-0.679117
-0.688374
-0.697509
-0.706519
-0.715404
-0.724163
-0.732793
-0.741293
-0.749662
-0.757899
-0.766002
-0.77397
-0.781801
-0.789495
-0.797049
-0.804464
-0.811737
-0.818868
-0.825855
-0.832697
-0.839393
-0.845943
-0.852345
-0.858598
-0.864702
-0.870654
-0.876455
-0.882104
-0.887599
-0.892941
-0.898127
-0.903158
-0.908032
-0.912749
-0.917309
-0.92171
-0.925953
-0.930036
-0.933958
-0.937721
-0.941322
-0.944761
-0.948039
-0.951154
-0.954106
-0.956896
-0.959522
-0.961984
-0.964282
-0.966417
-0.968386
-0.970192
-0.971832
-0.973308
-0.974619
-0.975765
-0.976746
-0.977562
-0.978213
-0.978699
-0.97902
-0.979177
-0.979169
-0.978997
-0.97866
-0.97816
-0.977495
-0.976667
-0.975677
-0.974523
-0.973207
-0.971728
-0.970088
-0.968287
-0.966324
-0.964202
-0.961919
-0.959478
-0.956877
-0.954118
-0.951202
-0.948129
-0.944899
-0.941514
-0.937974
-0.93428
-0.930432
-0.926431
-0.922279
-0.917976
-0.913522
-0.908919
-0.904168
-0.899269
-0.894223
-0.889032
-0.883696
-0.878216
-0.872593
-0.866829
-0.860924
-0.854879
-0.848696
-0.842376
-0.835919
-0.829328
-0.822602
-0.815744
-0.808754
-0.801634
-0.794384
-0.787007
-0.779504
-0.771875
-0.764123
-0.756248
-0.748251
-0.740135
-0.7319
-0.723549
-0.715081
-0.7065
-0.697805
-0.689
-0.680084
-0.67106
-0.661929
-0.652693
-0.643353
-0.633911
-0.624368
-0.614726
-0.604987
-0.595151
-0.585221
-0.575199
-0.565085
-0.554882
-0.544591
-0.534214
-0.523753
-0.513209
-0.502583
-0.491879
-0.481097
-0.470239
-0.459307
-0.448302
-0.437227
-0.426083
-0.414872
-0.403596
-0.392256
-0.380855
-0.369393
-0.357874
-0.346298
-0.334668
-0.322986
-0.311253
-0.299471
-0.287642
-0.275768
-0.26385
-0.251891
-0.239893
-0.227857
-0.215786
-0.20368
-0.191543
-0.179376
-0.16718
-0.154959
-0.142713
-0.130445
-0.118156
-0.105849
-0.0935256
-0.0811873
-0.0688363
-0.0564746
-0.044104
-0.0317265
-0.019344
-0.00695852
0.00542805
0.0178138
0.0301967
0.0425749
0.0549464
0.0673093
0.0796616
0.0920015
0.104327
0.116636
0.128927
0.141197
0.153446
0.16567
0.177868
0.190039
0.202179
0.214288
0.226363
0.238403
0.250405
0.262368
0.274289
0.286167
0.298001
0.309787
0.321524
0.333211
0.344846
0.356426
0.367949
0.379415
0.390821
0.402165
0.413445
0.424661
0.435808
0.446887
0.457896
0.468831
0.479693
0.490478
0.501186
0.511814
0.522361
0.532824
0.543203
0.553496
0.5637
0.573815
0.583838
0.593768
0.603603
0.613342
0.622983
0.632525
0.641965
0.651302
0.660535
0.669662
0.678682
0.687592
0.696392
0.70508
0.713655
0.722115
0.730458
0.738684
0.74679
0.754776
0.76264
0.77038
0.777995
0.785485
0.792847
0.80008
0.807184
0.814156
0.820995
0.827701
0.834272
0.840707
0.847005
0.853164
0.859184
0.865062
0.8708
0.876394
0.881844
0.88715
0.892309
0.897322
0.902187
0.906903
0.911469
0.915885
0.920149
0.924261
0.92822
0.932024
0.935674
0.939169
0.942507
0.945688
0.948712
0.951577
0.954283
0.95683
0.959217
0.961443
0.963508
0.965411
0.967152
0.96873
0.970145
0.971397
0.972485
0.973409
0.974168
0.974762
0.975191
0.975455
0.975554
0.975486
0.975253
0.974854
0.974288
0.973557
0.972659
0.971595
0.970365
0.968969
0.967406
0.965678
0.963784
0.961724
0.959498
0.957108
0.954552
0.951831
0.948947
0.945897
0.942685
0.939309
0.93577
0.932068
0.928205
0.92418
0.919994
0.915648
0.911142
0.906477
0.901654
0.896673
0.891535
0.886241
0.880791
0.875187
0.869429
0.863518
0.857455
0.851241
0.844876
0.838363
0.831702
0.824894
0.817939
0.81084
0.803598
0.796212
0.788686
0.781019
0.773213
0.76527
0.757191
0.748976
0.740628
0.732148
0.723537
0.714797
0.705929
0.696935
0.687815
0.678573
0.669209
0.659724
0.650121
0.640402
0.630567
0.620619
0.610559
0.600389
0.590111
0.579726
0.569237
0.558644
0.547951
0.537159
0.52627
0.515286
0.504208
0.493039
0.481781
0.470435
0.459004
0.447489
0.435894
0.424219
0.412467
0.40064
0.388741
0.37677
0.364731
0.352626
0.340456
0.328225
0.315934
0.303585
0.29118
0.278723
0.266215
0.253658
0.241055
0.228408
0.215719
0.202991
0.190226
0.177426
0.164594
0.151731
0.138841
0.125926
0.112987
0.100028
0.0870509
0.0740576
0.0610508
0.0480328
0.035006
0.0219728
0.00893564
-0.0041032
-0.0171413
-0.0301763
-0.0432057
-0.0562273
-0.0692386
-0.0822373
-0.0952209
-0.108187
-0.121134
-0.134058
-0.146958
-0.159831
-0.172675
-0.185488
-0.198267
-0.21101
-0.223714
-0.236377
-0.248998
-0.261573
-0.274101
-0.286578
-0.299004
-0.311376
-0.32369
-0.335946
-0.348142
-0.360274
-0.37234
-0.384339
-0.396269
-0.408127
-0.419911
-0.431619
-0.443249
-0.454799
-0.466266
-0.47765
-0.488948
-0.500157
-0.511276
-0.522303
-0.533236
-0.544074
-0.554813
-0.565453
-0.575992
-0.586427
-0.596757
-0.60698
-0.617094
-0.627098
-0.63699
-0.646768
-0.656431
-0.665977
-0.675404
-0.68471
-0.693895
-0.702957
-0.711893
-0.720704
-0.729386
-0.737939
-0.746362
-0.754652
-0.762809
-0.770831
-0.778717
-0.786466
-0.794077
-0.801547
-0.808877
-0.816064
-0.823108
-0.830008
-0.836763
-0.84337
-0.849831
-0.856143
-0.862305
-0.868317
-0.874177
-0.879886
-0.885441
-0.890842
-0.896089
-0.901181
-0.906116
-0.910894
-0.915515
-0.919978
-0.924282
-0.928426
-0.932411
-0.936235
-0.939898
-0.9434
-0.946739
-0.949917
-0.952932
-0.955784
-0.958472
-0.960997
-0.963358
-0.965555
-0.967588
-0.969456
-0.971159
-0.972698
-0.974071
-0.97528
-0.976324
-0.977202
-0.977916
-0.978465
-0.978849
-0.979068
-0.979122
-0.979012
-0.978738
-0.978299
-0.977697
-0.976931
-0.976002
-0.97491
-0.973655
-0.972238
-0.970659
-0.968918
-0.967017
-0.964955
-0.962733
-0.960351
-0.957811
-0.955112
-0.952255
-0.949242
-0.946071
-0.942745
-0.939264
-0.935628
-0.931838
-0.927896
-0.923801
-0.919555
-0.915158
-0.910612
-0.905917
-0.901074
-0.896084
-0.890948
-0.885667
-0.880242
-0.874674
-0.868964
-0.863113
-0.857122
-0.850992
-0.844724
-0.83832
-0.83178
-0.825106
-0.818299
-0.81136
-0.80429
-0.797091
-0.789763
-0.782309
-0.774729
-0.767024
-0.759197
-0.751248
-0.743179
-0.73499
-0.726684
-0.718263
-0.709726
-0.701076
-0.692314
-0.683442
-0.674461
-0.665373
-0.656179
-0.64688
-0.637479
-0.627976
-0.618374
-0.608674
-0.598877
-0.588986
-0.579001
-0.568924
-0.558758
-0.548503
-0.538161
-0.527734
-0.517225
-0.506633
-0.495962
-0.485212
-0.474386
-0.463485
-0.452511
-0.441466
-0.430351
-0.419169
-0.407921
-0.396609
-0.385234
-0.373799
-0.362305
-0.350754
-0.339149
-0.32749
-0.315779
-0.30402
-0.292212
-0.280359
-0.268462
-0.256522
-0.244543
-0.232525
-0.220471
-0.208383
-0.196261
-0.184109
-0.171928
-0.159721
-0.147488
-0.135232
-0.122955
-0.110659
-0.0983459
-0.0860171
-0.0736749
-0.0613211
-0.0489577
-0.0365867
-0.02421
-0.0118295
0.000552864
0.0129351
0.0253153
0.0376916
0.050062
0.0624245
0.0747772
0.0871182
0.0994456
0.111757
0.124052
0.136327
0.14858
0.16081
0.173015
0.185193
0.197342
0.20946
0.221545
0.233595
0.245608
0.257583
0.269518
0.28141
0.293258
0.30506
0.316813
0.328517
0.340169
0.351768
0.363311
0.374797
0.386224
0.39759
0.408893
0.420132
0.431304
0.442408
0.453442
0.464405
0.475294
0.486107
0.496844
0.507502
0.518079
0.528574
0.538985
0.549311
0.559549
0.569698
0.579757
0.589723
0.599595
0.609372
0.619051
0.628632
0.638112
0.64749
0.656764
0.665934
0.674996
0.68395
0.692795
0.701528
0.710149
0.718655
0.727046
0.735319
0.743474
0.75151
0.759423
0.767214
0.774881
0.782423
0.789838
0.797125
0.804282
0.811309
0.818204
0.824966
0.831594
0.838086
0.844441
0.850659
0.856737
0.862676
0.868473
0.874128
0.87964
0.885007
0.890229
0.895305
0.900233
0.905013
0.909644
0.914125
0.918454
0.922632
0.926657
0.930528
0.934246
0.937808
0.941214
0.944464
0.947556
0.950491
0.953267
0.955883
0.95834
0.960637
0.962773
0.964747
0.966559
0.96821
0.969697
0.971021
0.972181
0.973177
0.97401
0.974677
0.97518
0.975517
0.975689
0.975695
0.975536
0.975211
0.974719
0.974062
0.973239
0.972249
0.971093
0.969771
0.968283
0.966629
0.964809
0.962824
0.960672
0.958356
0.955874
0.953228
0.950416
0.947441
0.944302
0.940999
0.937533
0.933905
0.930114
0.926162
0.922048
0.917774
0.91334
0.908747
0.903994
0.899084
0.894017
0.888793
0.883413
0.877878
0.872189
0.866346
0.860351
0.854205
0.847908
0.841462
0.834867
0.828124
0.821235
0.8142
0.807022
0.7997
0.792236
0.784632
0.776888
0.769006
0.760987
0.752832
0.744543
0.736122
0.727568
0.718885
0.710073
0.701135
0.69207
0.682882
0.673571
0.664139
0.654588
0.644919
0.635134
0.625235
0.615223
0.605101
0.594869
0.58453
0.574086
0.563538
0.552888
0.542138
0.53129
0.520346
0.509307
0.498177
0.486956
0.475646
0.464251
0.452771
0.441209
0.429566
0.417846
0.40605
0.394179
0.382237
0.370226
0.358147
0.346003
0.333795
0.321527
0.3092
0.296817
0.28438
0.271891
0.259352
0.246765
0.234134
0.22146
0.208746
0.195993
0.183204
0.170382
0.157529
0.144647
0.131739
0.118806
0.105852
0.0928787
0.0798882
0.066883
0.0538657
0.0408384
0.0278037
0.0147639
0.00172137
-0.0113215
-0.0243622
-0.0373985
-0.050428
-0.0634482
-0.0764569
-0.0894516
-0.10243
-0.11539
-0.128328
-0.141243
-0.154133
-0.166994
-0.179825
-0.192622
-0.205385
-0.218111
-0.230796
-0.24344
-0.256039
-0.268591
-0.281095
-0.293547
-0.305947
-0.31829
-0.330576
-0.342801
-0.354964
-0.367063
-0.379095
-0.391059
-0.402951
-0.414771
-0.426515
-0.438182
-0.44977
-0.461277
-0.4727
-0.484038
-0.495288
-0.506449
-0.517519
-0.528495
-0.539377
-0.550161
-0.560846
-0.571431
-0.581912
-0.59229
-0.602561
-0.612724
-0.622777
-0.632719
-0.642548
-0.652261
-0.661859
-0.671338
-0.680697
-0.689935
-0.699051
-0.708041
-0.716906
-0.725644
-0.734253
-0.742732
-0.751079
-0.759293
-0.767372
-0.775316
-0.783124
-0.790792
-0.798322
-0.805711
-0.812958
-0.820062
-0.827022
-0.833837
-0.840506
-0.847028
-0.853401
-0.859625
-0.865699
-0.871622
-0.877393
-0.883011
-0.888475
-0.893785
-0.898939
-0.903938
-0.90878
-0.913465
-0.917991
-0.922359
-0.926567
-0.930616
-0.934504
-0.938232
-0.941798
-0.945202
-0.948444
-0.951524
-0.95444
-0.957193
-0.959783
-0.962208
-0.96447
-0.966567
-0.968499
-0.970267
-0.97187
-0.973308
-0.974581
-0.975688
-0.976631
-0.977409
-0.978021
-0.978469
-0.978751
-0.978869
-0.978822
-0.978611
-0.978236
-0.977696
-0.976993
-0.976126
-0.975096
-0.973903
-0.972548
-0.97103
-0.969351
-0.967511
-0.96551
-0.963348
-0.961027
-0.958547
-0.955907
-0.95311
-0.950156
-0.947044
-0.943776
-0.940353
-0.936775
-0.933043
-0.929158
-0.925121
-0.920931
-0.916591
-0.912101
-0.907461
-0.902673
-0.897738
-0.892657
-0.88743
-0.882059
-0.876544
-0.870887
-0.865088
-0.859149
-0.85307
-0.846854
-0.8405
-0.834011
-0.827387
-0.820629
-0.813739
-0.806718
-0.799567
-0.792287
-0.78488
-0.777346
-0.769688
-0.761906
-0.754003
-0.745978
-0.737834
-0.729572
-0.721193
-0.712699
-0.704092
-0.695371
-0.686541
-0.6776
-0.668552
-0.659398
-0.650138
-0.640775
-0.631311
-0.621746
-0.612083
-0.602322
-0.592467
-0.582517
-0.572475
-0.562342
-0.552121
-0.541812
-0.531418
-0.52094
-0.51038
-0.499739
-0.489019
-0.478222
-0.46735
-0.456404
-0.445387
-0.434299
-0.423143
-0.411921
-0.400634
-0.389284
-0.377873
-0.366402
-0.354874
-0.34329
-0.331653
-0.319963
-0.308223
-0.296435
-0.284601
-0.272722
-0.2608
-0.248837
-0.236836
-0.224797
-0.212723
-0.200616
-0.188478
-0.17631
-0.164114
-0.151893
-0.139648
-0.127381
-0.115094
-0.10279
-0.0904689
-0.078134
-0.0657869
-0.0534295
-0.0410638
-0.0286916
-0.016315
-0.00393582
0.00844396
0.0208224
0.0331976
0.0455676
0.0579305
0.0702843
0.0826271
0.094957
0.107272
0.11957
0.13185
0.144109
0.156345
0.168557
0.180742
0.192899
0.205026
0.217121
0.229181
0.241206
0.253193
0.26514
0.277046
0.288908
0.300724
0.312494
0.324214
0.335883
0.3475
0.359062
0.370567
0.382014
0.3934
0.404725
0.415986
0.427181
0.438309
0.449368
0.460355
0.47127
0.48211
0.492874
0.50356
0.514166
0.524691
0.535133
0.545489
0.555759
0.565941
0.576033
0.586033
0.59594
0.605752
0.615467
0.625085
0.634602
0.644018
0.653332
0.662541
0.671643
0.680639
0.689525
0.698301
0.706964
0.715515
0.72395
0.732268
0.740469
0.748551
0.756512
0.764351
0.772066
0.779657
0.787121
0.794459
0.801667
0.808746
0.815693
0.822508
0.829189
0.835735
0.842145
0.848418
0.854553
0.860548
0.866402
0.872115
0.877685
0.883111
0.888393
0.893528
0.898517
0.903358
0.90805
0.912592
0.916984
0.921225
0.925313
0.929249
0.93303
0.936657
0.940129
0.943444
0.946602
0.949603
0.952446
0.95513
0.957655
0.96002
0.962224
0.964267
0.966149
0.967868
0.969425
0.970819
0.97205
0.973117
0.97402
0.974758
0.975332
0.975741
0.975985
0.976064
0.975977
0.975724
0.975305
0.974721
0.97397
0.973053
0.971971
0.970722
0.969307
0.967727
0.96598
0.964068
0.96199
0.959747
0.957339
0.954766
0.952028
0.949126
0.946061
0.942831
0.939438
0.935883
0.932165
0.928286
0.924245
0.920043
0.915681
0.91116
0.90648
0.901641
0.896645
0.891492
0.886183
0.880718
0.8751
0.869327
0.863402
0.857324
0.851096
0.844718
0.838191
0.831516
0.824694
0.817726
0.810614
0.803357
0.795959
0.788419
0.780739
0.772921
0.764965
0.756872
0.748645
0.740285
0.731792
0.723169
0.714416
0.705536
0.696529
0.687398
0.678143
0.668767
0.659271
0.649656
0.639925
0.630079
0.620119
0.610047
0.599866
0.589576
0.57918
0.56868
0.558077
0.547372
0.536569
0.525669
0.514674
0.503585
0.492405
0.481136
0.46978
0.458338
0.446814
0.435208
0.423522
0.41176
0.399923
0.388014
0.376033
0.363984
0.351869
0.33969
0.327449
0.315148
0.302789
0.290376
0.277909
0.265392
0.252826
0.240214
0.227558
0.214861
0.202124
0.18935
0.176542
0.163701
0.150831
0.137933
0.125009
0.112063
0.0990965
0.0861116
0.073111
0.0600971
0.0470721
0.0340385
0.0209987
0.00795507
-0.00509003
-0.0181342
-0.0311751
-0.0442102
-0.0572373
-0.0702539
-0.0832576
-0.0962462
-0.109217
-0.122168
-0.135097
-0.148001
-0.160878
-0.173725
-0.186541
-0.199323
-0.212068
-0.224775
-0.23744
-0.250063
-0.26264
-0.275168
-0.287647
-0.300074
-0.312445
-0.32476
-0.337016
-0.349211
-0.361342
-0.373407
-0.385405
-0.397332
-0.409188
-0.420969
-0.432675
-0.444301
-0.455847
-0.467311
-0.47869
-0.489983
-0.501187
-0.512301
-0.523322
-0.534249
-0.54508
-0.555812
-0.566444
-0.576975
-0.587402
-0.597723
-0.607937
-0.618041
-0.628035
-0.637917
-0.647684
-0.657336
-0.66687
-0.676285
-0.685579
-0.694751
-0.703799
-0.712721
-0.721517
-0.730185
-0.738723
-0.74713
-0.755404
-0.763545
-0.77155
-0.779419
-0.78715
-0.794742
-0.802194
-0.809504
-0.816672
-0.823696
-0.830576
-0.837309
-0.843896
-0.850334
-0.856624
-0.862764
-0.868753
-0.87459
-0.880275
-0.885806
-0.891183
-0.896404
-0.90147
-0.90638
-0.911132
-0.915726
-0.920162
-0.924439
-0.928555
-0.932512
-0.936308
-0.939942
-0.943415
-0.946725
-0.949873
-0.952858
-0.955679
-0.958337
-0.960831
-0.963161
-0.965326
-0.967326
-0.969162
-0.970833
-0.972339
-0.973679
-0.974855
-0.975865
-0.97671
-0.97739
-0.977904
-0.978254
-0.978438
-0.978458
-0.978313
-0.978003
-0.977529
-0.976892
-0.97609
-0.975125
-0.973997
-0.972706
-0.971253
-0.969638
-0.967861
-0.965923
-0.963824
-0.961566
-0.959148
-0.95657
-0.953835
-0.950941
-0.947891
-0.944684
-0.94132
-0.937802
-0.93413
-0.930303
-0.926324
-0.922193
-0.91791
-0.913477
-0.908894
-0.904163
-0.899284
-0.894258
-0.889086
-0.883769
-0.878308
-0.872704
-0.866959
-0.861072
-0.855046
-0.848881
-0.842578
-0.83614
-0.829565
-0.822857
-0.816016
-0.809043
-0.80194
-0.794708
-0.787347
-0.77986
-0.772248
-0.764511
-0.756652
-0.748672
-0.740571
-0.732352
-0.724016
-0.715564
-0.706997
-0.698318
-0.689527
-0.680626
-0.671617
-0.662501
-0.653279
-0.643954
-0.634526
-0.624997
-0.615369
-0.605643
-0.595821
-0.585905
-0.575896
-0.565796
-0.555606
-0.545329
-0.534965
-0.524516
-0.513985
-0.503373
-0.492681
-0.481911
-0.471066
-0.460146
-0.449154
-0.438091
-0.426959
-0.41576
-0.404496
-0.393168
-0.381778
-0.370329
-0.358821
-0.347257
-0.335638
-0.323967
-0.312245
-0.300473
-0.288655
-0.276792
-0.264885
-0.252937
-0.240949
-0.228923
-0.216862
-0.204766
-0.192639
-0.180481
-0.168295
-0.156083
-0.143846
-0.131587
-0.119308
-0.107009
-0.0946943
-0.0823644
-0.0700217
-0.057668
-0.0453053
-0.0329355
-0.0205605
-0.00818235
0.0041971
0.0165759
0.0289521
0.0413238
0.053689
0.0660458
0.0783924
0.0907266
0.103047
0.115351
0.127637
0.139902
0.152146
0.164367
0.176561
0.188728
0.200865
0.212971
0.225044
0.237081
0.249081
0.261042
0.272962
0.284839
0.296671
0.308457
0.320195
0.331882
0.343517
0.355098
0.366623
0.37809
0.389498
0.400844
0.412128
0.423346
0.434498
0.445581
0.456593
0.467534
0.478401
0.489192
0.499906
0.51054
0.521094
0.531565
0.541952
0.552253
0.562466
0.57259
0.582624
0.592564
0.60241
0.61216
0.621813
0.631367
0.64082
0.650171
0.659418
0.668559
0.677594
0.68652
0.695336
0.704041
0.712632
0.72111
0.729472
0.737716
0.745842
0.753847
0.761731
0.769493
0.77713
0.784641
0.792026
0.799283
0.80641
0.813407
0.820272
0.827003
0.8336
0.840062
0.846387
0.852574
0.858622
0.86453
0.870297
0.875922
0.881403
0.88674
0.891932
0.896977
0.901875
0.906625
0.911226
0.915676
0.919976
0.924124
0.928119
0.931961
0.935649
0.939181
0.942558
0.945779
0.948842
0.951748
0.954495
0.957083
0.959512
0.96178
0.963888
0.965835
0.96762
0.969242
0.970702
0.971999
0.973133
0.974103
0.974908
0.97555
0.976026
0.976338
0.976485
0.976466
0.976282
0.975932
0.975416
0.974734
0.973887
0.972874
0.971695
0.97035
0.968839
0.967162
0.96532
0.963312
0.96114
0.958802
0.956299
0.953631
0.9508
0.947804
0.944645
0.941323
0.937837
0.93419
0.93038
0.92641
0.922278
0.917986
0.913534
0.908924
0.904155
0.899228
0.894144
0.888904
0.883508
0.877957
0.872253
0.866396
0.860386
0.854226
0.847915
0.841454
0.834846
0.82809
0.821188
0.814141
0.80695
0.799616
0.79214
0.784524
0.776769
0.768876
0.760846
0.752681
0.744381
0.73595
0.727387
0.718694
0.709873
0.700925
0.691851
0.682654
0.673335
0.663895
0.654336
0.644659
0.634867
0.62496
0.614941
0.604812
0.594574
0.584228
0.573777
0.563223
0.552567
0.541811
0.530957
0.520008
0.508964
0.497828
0.486602
0.475288
0.463887
0.452403
0.440836
0.42919
0.417465
0.405665
0.39379
0.381845
0.369829
0.357747
0.345599
0.333389
0.321117
0.308787
0.296401
0.283961
0.271469
0.258928
0.246339
0.233705
0.221029
0.208312
0.195557
0.182767
0.169943
0.157088
0.144204
0.131294
0.11836
0.105404
0.0924292
0.0794373
0.0664309
0.0534124
0.0403841
0.0273484
0.0143077
0.00126436
-0.0117792
-0.0248206
-0.0378574
-0.0508873
-0.063908
-0.0769169
-0.0899118
-0.10289
-0.11585
-0.128788
-0.141703
-0.154592
-0.167453
-0.180283
-0.19308
-0.205842
-0.218567
-0.231252
-0.243894
-0.256492
-0.269043
-0.281545
-0.293996
-0.306393
-0.318735
-0.331019
-0.343242
-0.355403
-0.367499
-0.379529
-0.391489
-0.403379
-0.415196
-0.426937
-0.4386
-0.450185
-0.461687
-0.473107
-0.48444
-0.495686
-0.506843
-0.517908
-0.528879
-0.539756
-0.550534
-0.561214
-0.571793
-0.582268
-0.59264
-0.602904
-0.613061
-0.623107
-0.633041
-0.642863
-0.652569
-0.662158
-0.671629
-0.68098
-0.690209
-0.699316
-0.708297
-0.717153
-0.72588
-0.734479
-0.742947
-0.751284
-0.759487
-0.767555
-0.775488
-0.783283
-0.79094
-0.798457
-0.805833
-0.813067
-0.820157
-0.827104
-0.833905
-0.840559
-0.847066
-0.853424
-0.859633
-0.865691
-0.871598
-0.877353
-0.882954
-0.888401
-0.893694
-0.898831
-0.903812
-0.908635
-0.913301
-0.917809
-0.922157
-0.926346
-0.930375
-0.934243
-0.93795
-0.941495
-0.944878
-0.948099
-0.951156
-0.95405
-0.956781
-0.959348
-0.96175
-0.963988
-0.966061
-0.96797
-0.969713
-0.971291
-0.972704
-0.973952
-0.975034
-0.975951
-0.976703
-0.977289
-0.97771
-0.977966
-0.978056
-0.977982
-0.977743
-0.97734
-0.976772
-0.976041
-0.975145
-0.974087
-0.972865
-0.97148
-0.969933
-0.968225
-0.966354
-0.964323
-0.962132
-0.95978
-0.957269
-0.954599
-0.951771
-0.948786
-0.945643
-0.942344
-0.93889
-0.93528
-0.931517
-0.9276
-0.92353
-0.919309
-0.914937
-0.910415
-0.905743
-0.900923
-0.895956
-0.890842
-0.885583
-0.88018
-0.874633
-0.868943
-0.863112
-0.857141
-0.85103
-0.844782
-0.838396
-0.831875
-0.825219
-0.818429
-0.811507
-0.804454
-0.797271
-0.78996
-0.782521
-0.774956
-0.767267
-0.759454
-0.75152
-0.743464
-0.73529
-0.726997
-0.718588
-0.710064
-0.701427
-0.692677
-0.683817
-0.674848
-0.665771
-0.656587
-0.6473
-0.637909
-0.628416
-0.618824
-0.609133
-0.599346
-0.589463
-0.579487
-0.569419
-0.559261
-0.549015
-0.538681
-0.528262
-0.517759
-0.507175
-0.496511
-0.485768
-0.474948
-0.464054
-0.453086
-0.442047
-0.430939
-0.419762
-0.408519
-0.397212
-0.385843
-0.374413
-0.362924
-0.351378
-0.339776
-0.328122
-0.316416
-0.30466
-0.292856
-0.281007
-0.269113
-0.257177
-0.245201
-0.233186
-0.221135
-0.209049
-0.196931
-0.184781
-0.172603
-0.160398
-0.148167
-0.135913
-0.123639
-0.111344
-0.0990325
-0.0867053
-0.0743645
-0.062012
-0.0496499
-0.0372799
-0.0249042
-0.0125245
-0.000142865
0.0122388
0.0246186
0.0369945
0.0493646
0.061727
0.0740798
0.086421
0.0987487
0.111061
0.123356
0.135631
0.147886
0.160117
0.172323
0.184502
0.196652
0.208772
0.220858
0.23291
0.244926
0.256903
0.26884
0.280734
0.292585
0.304389
0.316146
0.327853
0.339509
0.351111
0.362658
0.374148
0.385579
0.396949
0.408257
0.4195
0.430677
0.441786
0.452826
0.463794
0.474689
0.485508
0.496251
0.506916
0.5175
0.528002
0.538421
0.548754
0.559
0.569157
0.579224
0.589199
0.59908
0.608866
0.618555
0.628145
0.637635
0.647024
0.656309
0.66549
0.674564
0.68353
0.692386
0.701132
0.709765
0.718285
0.726689
0.734977
0.743146
0.751196
0.759124
0.766931
0.774614
0.782171
0.789603
0.796907
0.804081
0.811126
0.818039
0.82482
0.831466
0.837978
0.844353
0.850591
0.856691
0.86265
0.868469
0.874146
0.879681
0.885071
0.890316
0.895416
0.900369
0.905173
0.909829
0.914336
0.918691
0.922896
0.926948
0.930847
0.934592
0.938183
0.941618
0.944897
0.948019
0.950984
0.953791
0.956439
0.958928
0.961257
0.963426
0.965433
0.967279
0.968963
0.970485
0.971844
0.97304
0.974072
0.974941
0.975645
0.976185
0.97656
0.97677
0.976815
0.976695
0.976409
0.975957
0.97534
0.974557
0.973609
0.972494
0.971214
0.969768
0.968157
0.96638
0.964437
0.96233
0.960057
0.95762
0.955018
0.952251
0.949321
0.946227
0.94297
0.939551
0.935968
0.932224
0.928319
0.924252
0.920025
0.915638
0.911093
0.906388
0.901526
0.896506
0.891331
0.885999
0.880513
0.874872
0.869078
0.863132
0.857035
0.850787
0.844389
0.837843
0.831149
0.824309
0.817323
0.810193
0.80292
0.795505
0.787949
0.780254
0.77242
0.764449
0.756343
0.748102
0.739728
0.731222
0.722586
0.713821
0.704929
0.695911
0.686769
0.677504
0.668118
0.658612
0.648988
0.639248
0.629393
0.619425
0.609345
0.599157
0.58886
0.578458
0.567951
0.557342
0.546633
0.535824
0.52492
0.51392
0.502827
0.491644
0.480372
0.469012
0.457568
0.446041
0.434433
0.422746
0.410983
0.399145
0.387234
0.375254
0.363205
0.351089
0.338911
0.32667
0.31437
0.302013
0.289601
0.277136
0.264621
0.252057
0.239447
0.226794
0.2141
0.201366
0.188596
0.175791
0.162954
0.150087
0.137193
0.124274
0.111333
0.0983706
0.0853906
0.072395
0.0593862
0.0463665
0.0333383
0.0203041
0.00726617
-0.00577309
-0.0188113
-0.031846
-0.044875
-0.0578957
-0.0709059
-0.0839031
-0.0968849
-0.109849
-0.122793
-0.135715
-0.148612
-0.161482
-0.174322
-0.18713
-0.199905
-0.212643
-0.225342
-0.238
-0.250615
-0.263184
-0.275705
-0.288176
-0.300595
-0.312958
-0.325265
-0.337513
-0.3497
-0.361822
-0.37388
-0.385869
-0.397788
-0.409636
-0.421409
-0.433105
-0.444723
-0.456261
-0.467716
-0.479087
-0.490371
-0.501566
-0.512671
-0.523684
-0.534602
-0.545423
-0.556147
-0.56677
-0.577291
-0.587709
-0.598021
-0.608225
-0.618321
-0.628305
-0.638177
-0.647935
-0.657577
-0.667101
-0.676506
-0.685791
-0.694953
-0.703991
-0.712903
-0.721689
-0.730346
-0.738874
-0.74727
-0.755534
-0.763664
-0.771658
-0.779516
-0.787236
-0.794817
-0.802258
-0.809557
-0.816714
-0.823726
-0.830594
-0.837315
-0.84389
-0.850317
-0.856594
-0.862721
-0.868698
-0.874522
-0.880194
-0.885712
-0.891076
-0.896284
-0.901337
-0.906233
-0.910971
-0.915551
-0.919973
-0.924235
-0.928337
-0.932279
-0.93606
-0.939679
-0.943137
-0.946432
-0.949564
-0.952533
-0.955338
-0.95798
-0.960457
-0.96277
-0.964919
-0.966902
-0.968721
-0.970374
-0.971862
-0.973185
-0.974343
-0.975335
-0.976161
-0.976822
-0.977318
-0.977648
-0.977813
-0.977814
-0.977649
-0.97732
-0.976826
-0.976168
-0.975346
-0.97436
-0.973211
-0.971899
-0.970425
-0.968788
-0.966989
-0.96503
-0.962909
-0.960628
-0.958188
-0.955588
-0.95283
-0.949913
-0.94684
-0.943609
-0.940223
-0.936681
-0.932985
-0.929134
-0.925131
-0.920976
-0.916669
-0.912211
-0.907604
-0.902848
-0.897944
-0.892893
-0.887696
-0.882354
-0.876867
-0.871238
-0.865467
-0.859555
-0.853503
-0.847313
-0.840984
-0.83452
-0.82792
-0.821185
-0.814318
-0.807319
-0.80019
-0.792932
-0.785545
-0.778032
-0.770393
-0.762631
-0.754745
-0.746739
-0.738612
-0.730367
-0.722005
-0.713527
-0.704934
-0.696229
-0.687412
-0.678486
-0.669451
-0.660309
-0.651062
-0.641711
-0.632258
-0.622704
-0.613051
-0.6033
-0.593454
-0.583513
-0.573479
-0.563355
-0.553141
-0.542839
-0.532452
-0.52198
-0.511425
-0.50079
-0.490075
-0.479283
-0.468415
-0.457474
-0.446459
-0.435375
-0.424222
-0.413002
-0.401716
-0.390368
-0.378958
-0.367488
-0.355961
-0.344377
-0.33274
-0.32105
-0.309309
-0.29752
-0.285685
-0.273804
-0.26188
-0.249916
-0.237912
-0.22587
-0.213794
-0.201683
-0.189541
-0.17737
-0.16517
-0.152945
-0.140696
-0.128424
-0.116133
-0.103823
-0.0914972
-0.0791569
-0.0668042
-0.0544411
-0.0420694
-0.0296911
-0.0173081
-0.00492246
0.00746398
0.0198493
0.0322314
0.0446086
0.0569787
0.06934
0.0816904
0.094028
0.106351
0.118657
0.130945
0.143212
0.155456
0.167677
0.179871
0.192037
0.204172
0.216276
0.228346
0.240379
0.252376
0.264332
0.276247
0.288119
0.299945
0.311724
0.323454
0.335133
0.34676
0.358332
0.369847
0.381304
0.392701
0.404036
0.415308
0.426514
0.437652
0.448722
0.45972
0.470646
0.481497
0.492273
0.50297
0.513587
0.524124
0.534577
0.544945
0.555227
0.56542
0.575524
0.585536
0.595455
0.605279
0.615007
0.624637
0.634167
0.643596
0.652922
0.662144
0.67126
0.680269
0.689168
0.697958
0.706635
0.715199
0.723648
0.731981
0.740196
0.748292
0.756267
0.764121
0.771851
0.779457
0.786937
0.794289
0.801513
0.808608
0.815571
0.822402
0.829099
0.835662
0.842089
0.848379
0.854531
0.860543
0.866415
0.872145
0.877733
0.883178
0.888478
0.893632
0.898639
0.903499
0.908211
0.912773
0.917185
0.921446
0.925555
0.929511
0.933314
0.936962
0.940455
0.943792
0.946973
0.949996
0.952862
0.955569
0.958117
0.960505
0.962733
0.964801
0.966707
0.968451
0.970033
0.971453
0.972709
0.973802
0.974732
0.975497
0.976098
0.976534
0.976806
0.976912
0.976854
0.976629
0.97624
0.975684
0.974963
0.974077
0.973024
0.971806
0.970422
0.968873
0.967158
0.965277
0.963232
0.961021
0.958646
0.956106
0.953401
0.950533
0.947501
0.944306
0.940947
0.937427
0.933744
0.9299
0.925894
0.921729
0.917403
0.912918
0.908274
0.903472
0.898513
0.893398
0.888126
0.882699
0.877118
0.871384
0.865497
0.859458
0.853268
0.846929
0.840441
0.833805
0.827022
0.820093
0.81302
0.805804
0.798445
0.790945
0.783305
0.775526
0.76761
0.759558
0.75137
0.74305
0.734597
0.726014
0.717301
0.708461
0.699494
0.690403
0.681188
0.671851
0.662395
0.65282
0.643128
0.63332
0.623399
0.613367
0.603224
0.592973
0.582615
0.572153
0.561587
0.550921
0.540155
0.529292
0.518333
0.507281
0.496137
0.484904
0.473583
0.462176
0.450686
0.439114
0.427463
0.415734
0.40393
0.392052
0.380104
0.368087
0.356002
0.343854
0.331642
0.319371
0.307041
0.294655
0.282216
0.269726
0.257187
0.2446
0.231969
0.219296
0.206583
0.193833
0.181047
0.168228
0.155378
0.1425
0.129596
0.116669
0.10372
0.0907522
0.0777679
0.0647695
0.0517592
0.0387395
0.0257127
0.0126813
-0.000352514
-0.0133862
-0.0264175
-0.0394439
-0.0524631
-0.0654727
-0.0784704
-0.0914538
-0.10442
-0.117368
-0.130294
-0.143197
-0.156073
-0.168921
-0.181738
-0.194522
-0.207271
-0.219982
-0.232653
-0.245281
-0.257865
-0.270402
-0.282889
-0.295326
-0.307708
-0.320035
-0.332304
-0.344512
-0.356658
-0.368739
-0.380753
-0.392698
-0.404572
-0.416373
-0.428099
-0.439747
-0.451315
-0.462802
-0.474205
-0.485523
-0.496753
-0.507894
-0.518943
-0.529898
-0.540758
-0.551521
-0.562184
-0.572747
-0.583206
-0.593561
-0.60381
-0.61395
-0.62398
-0.633898
-0.643703
-0.653393
-0.662966
-0.672421
-0.681756
-0.690969
-0.700059
-0.709025
-0.717864
-0.726576
-0.735159
-0.743611
-0.751931
-0.760118
-0.768171
-0.776088
-0.783867
-0.791508
-0.799009
-0.80637
-0.813588
-0.820663
-0.827594
-0.834379
-0.841018
-0.847509
-0.853852
-0.860045
-0.866088
-0.871979
-0.877718
-0.883304
-0.888736
-0.894013
-0.899135
-0.9041
-0.908908
-0.913559
-0.918051
-0.922384
-0.926558
-0.930571
-0.934424
-0.938115
-0.941645
-0.945013
-0.948218
-0.95126
-0.954139
-0.956854
-0.959405
-0.961792
-0.964015
-0.966072
-0.967965
-0.969693
-0.971256
-0.972653
-0.973885
-0.974952
-0.975853
-0.976589
-0.977159
-0.977564
-0.977804
-0.977879
-0.977788
-0.977534
-0.977114
-0.97653
-0.975782
-0.97487
-0.973795
-0.972557
-0.971156
-0.969592
-0.967867
-0.96598
-0.963932
-0.961724
-0.959355
-0.956827
-0.95414
-0.951295
-0.948292
-0.945132
-0.941816
-0.938344
-0.934717
-0.930935
-0.927001
-0.922913
-0.918674
-0.914284
-0.909744
-0.905054
-0.900216
-0.89523
-0.890098
-0.884821
-0.879398
-0.873833
-0.868125
-0.862275
-0.856285
-0.850155
-0.843888
-0.837483
-0.830942
-0.824267
-0.817458
-0.810517
-0.803444
-0.796242
-0.788911
-0.781453
-0.773869
-0.76616
-0.758327
-0.750373
-0.742298
-0.734104
-0.725791
-0.717363
-0.708819
-0.700162
-0.691392
-0.682512
-0.673523
-0.664426
-0.655223
-0.645915
-0.636505
-0.626993
-0.617381
-0.60767
-0.597863
-0.587961
-0.577965
-0.567878
-0.5577
-0.547434
-0.537081
-0.526643
-0.516121
-0.505518
-0.494834
-0.484072
-0.473234
-0.462321
-0.451335
-0.440277
-0.42915
-0.417955
-0.406694
-0.395369
-0.383982
-0.372534
-0.361028
-0.349464
-0.337846
-0.326174
-0.314452
-0.302679
-0.290859
-0.278993
-0.267084
-0.255132
-0.243141
-0.231111
-0.219045
-0.206944
-0.194811
-0.182647
-0.170455
-0.158236
-0.145992
-0.133725
-0.121438
-0.109131
-0.0968068
-0.0844677
-0.0721153
-0.0597516
-0.0473786
-0.0349981
-0.0226121
-0.0102225
0.00216859
0.0145594
0.0269479
0.0393322
0.0517104
0.0640804
0.0764404
0.0887884
0.101122
0.113441
0.125741
0.138022
0.150281
0.162516
0.174726
0.186909
0.199062
0.211184
0.223273
0.235326
0.247343
0.259321
0.271257
0.283152
0.295002
0.306805
0.31856
0.330265
0.341917
0.353516
0.36506
0.376545
0.387971
0.399336
0.410638
0.421875
0.433045
0.444147
0.455179
0.466138
0.477024
0.487834
0.498567
0.509221
0.519794
0.530285
0.540691
0.551012
0.561244
0.571388
0.581441
0.591401
0.601266
0.611036
0.620709
0.630282
0.639755
0.649125
0.658392
0.667553
0.676608
0.685554
0.69439
0.703114
0.711726
0.720223
0.728605
0.736869
0.745014
0.75304
0.760944
0.768725
0.776382
0.783914
0.791318
0.798595
0.805742
0.812759
0.819643
0.826395
0.833012
0.839494
0.845839
0.852046
0.858114
0.864042
0.869829
0.875474
0.880975
0.886332
0.891544
0.896609
0.901527
0.906297
0.910918
0.915389
0.919709
0.923877
0.927893
0.931755
0.935464
0.939017
0.942414
0.945656
0.94874
0.951666
0.954434
0.957043
0.959493
0.961783
0.963912
0.965879
0.967685
0.969329
0.970811
0.972129
0.973285
0.974276
0.975104
0.975767
0.976266
0.9766
0.976768
0.976772
0.97661
0.976283
0.97579
0.975132
0.974307
0.973317
0.972161
0.970839
0.969352
0.967699
0.965881
0.963897
0.961748
0.959435
0.956956
0.954313
0.951506
0.948536
0.945401
0.942104
0.938644
0.935022
0.931238
0.927293
0.923187
0.918921
0.914496
0.909911
0.905169
0.900268
0.895211
0.889998
0.884629
0.879106
0.873429
0.867599
0.861617
0.855484
0.849201
0.842769
0.836188
0.829461
0.822587
0.815568
0.808406
0.801101
0.793654
0.786067
0.77834
0.770476
0.762476
0.75434
0.74607
0.737667
0.729134
0.720471
0.711679
0.702761
0.693717
0.68455
0.67526
0.665849
0.65632
0.646673
0.636911
0.627034
0.617045
0.606945
0.596736
0.58642
0.575999
0.565474
0.554847
0.54412
0.533296
0.522375
0.51136
0.500253
0.489056
0.47777
0.466398
0.454942
0.443403
0.431784
0.420087
0.408314
0.396467
0.384548
0.37256
0.360504
0.348382
0.336197
0.323951
0.311647
0.299286
0.28687
0.274402
0.261884
0.249319
0.236709
0.224055
0.21136
0.198628
0.185858
0.173056
0.160221
0.147357
0.134467
0.121552
0.108615
0.0956581
0.0826838
0.0696945
0.0566924
0.04368
0.0306597
0.0176338
0.00460463
-0.00842534
-0.0214538
-0.0344783
-0.0474965
-0.060506
-0.0735046
-0.0864897
-0.0994591
-0.11241
-0.125341
-0.138249
-0.151132
-0.163987
-0.176812
-0.189606
-0.202364
-0.215086
-0.227769
-0.24041
-0.253008
-0.265559
-0.278063
-0.290516
-0.302916
-0.315261
-0.327549
-0.339778
-0.351945
-0.364048
-0.376085
-0.388055
-0.399954
-0.41178
-0.423532
-0.435208
-0.446805
-0.458321
-0.469755
-0.481104
-0.492366
-0.503539
-0.514622
-0.525612
-0.536508
-0.547307
-0.558008
-0.568608
-0.579107
-0.589501
-0.59979
-0.609972
-0.620044
-0.630006
-0.639854
-0.649589
-0.659208
-0.668708
-0.67809
-0.687351
-0.69649
-0.705504
-0.714394
-0.723156
-0.73179
-0.740294
-0.748668
-0.756908
-0.765015
-0.772986
-0.780821
-0.788518
-0.796076
-0.803494
-0.81077
-0.817904
-0.824893
-0.831738
-0.838438
-0.84499
-0.851394
-0.857649
-0.863754
-0.869708
-0.875511
-0.881161
-0.886657
-0.891999
-0.897186
-0.902217
-0.907091
-0.911808
-0.916368
-0.920768
-0.925009
-0.929091
-0.933012
-0.936772
-0.940371
-0.943808
-0.947083
-0.950195
-0.953144
-0.95593
-0.958552
-0.96101
-0.963303
-0.965432
-0.967397
-0.969196
-0.970831
-0.9723
-0.973604
-0.974743
-0.975716
-0.976524
-0.977167
-0.977644
-0.977957
-0.978104
-0.978086
-0.977904
-0.977557
-0.977045
-0.97637
-0.975531
-0.974528
-0.973362
-0.972033
-0.970541
-0.968887
-0.967072
-0.965096
-0.962959
-0.960661
-0.958204
-0.955588
-0.952813
-0.949881
-0.946791
-0.943544
-0.940142
-0.936584
-0.932872
-0.929006
-0.924987
-0.920815
-0.916493
-0.912019
-0.907397
-0.902625
-0.897705
-0.892639
-0.887427
-0.882069
-0.876568
-0.870923
-0.865137
-0.85921
-0.853143
-0.846937
-0.840594
-0.834114
-0.827499
-0.820749
-0.813867
-0.806854
-0.799709
-0.792436
-0.785034
-0.777506
-0.769853
-0.762076
-0.754176
-0.746154
-0.738013
-0.729753
-0.721376
-0.712883
-0.704276
-0.695557
-0.686725
-0.677784
-0.668735
-0.659579
-0.650317
-0.640952
-0.631484
-0.621916
-0.612248
-0.602483
-0.592623
-0.582668
-0.57262
-0.562481
-0.552253
-0.541938
-0.531536
-0.52105
-0.510482
-0.499832
-0.489104
-0.478298
-0.467417
-0.456461
-0.445434
-0.434336
-0.423169
-0.411936
-0.400637
-0.389276
-0.377852
-0.36637
-0.35483
-0.343233
-0.331583
-0.31988
-0.308127
-0.296326
-0.284478
-0.272585
-0.26065
-0.248673
-0.236657
-0.224604
-0.212516
-0.200395
-0.188242
-0.176059
-0.163849
-0.151613
-0.139353
-0.127071
-0.114769
-0.10245
-0.0901139
-0.077764
-0.065402
-0.0530296
-0.0406489
-0.0282618
-0.0158703
-0.00347634
0.0089182
0.0213113
0.0337012
0.0460857
0.0584629
0.0708311
0.0831881
0.095532
0.107861
0.120173
0.132466
0.144738
0.156988
0.169213
0.181411
0.193581
0.20572
0.217827
0.2299
0.241937
0.253935
0.265894
0.277811
0.289684
0.301511
0.313291
0.325021
0.3367
0.348326
0.359897
0.371411
0.382867
0.394262
0.405595
0.416864
0.428066
0.439201
0.450267
0.461261
0.472182
0.483028
0.493797
0.504489
0.5151
0.525629
0.536075
0.546435
0.556709
0.566893
0.576988
0.586991
0.5969
0.606713
0.61643
0.626049
0.635567
0.644983
0.654297
0.663505
0.672608
0.681602
0.690487
0.699261
0.707923
0.71647
0.724903
0.733219
0.741416
0.749494
0.757451
0.765286
0.772997
0.780583
0.788042
0.795374
0.802577
0.80965
0.816591
0.823399
0.830073
0.836613
0.843016
0.849281
0.855408
0.861395
0.867241
0.872946
0.878507
0.883924
0.889197
0.894323
0.899302
0.904134
0.908816
0.913349
0.917731
0.921961
0.92604
0.929965
0.933736
0.937352
0.940813
0.944118
0.947266
0.950256
0.953088
0.955761
0.958275
0.960629
0.962822
0.964854
0.966725
0.968433
0.969979
0.971363
0.972583
0.973639
0.974531
0.97526
0.975823
0.976222
0.976455
0.976524
0.976427
0.976164
0.975736
0.975142
0.974382
0.973456
0.972365
0.971107
0.969684
0.968095
0.966341
0.964421
0.962335
0.960085
0.95767
0.95509
0.952346
0.949438
0.946366
0.943131
0.939733
0.936172
0.93245
0.928566
0.924521
0.920316
0.915951
0.911427
0.906744
0.901903
0.896905
0.891751
0.886441
0.880975
0.875356
0.869584
0.863659
0.857583
0.851356
0.84498
0.838455
0.831782
0.824963
0.817999
0.81089
0.803638
0.796244
0.78871
0.781035
0.773223
0.765273
0.757188
0.748968
0.740615
0.73213
0.723515
0.714771
0.7059
0.696903
0.687782
0.678538
0.669173
0.659688
0.650085
0.640365
0.630531
0.620584
0.610526
0.600358
0.590082
0.5797
0.569214
0.558625
0.547936
0.537148
0.526264
0.515284
0.504212
0.493049
0.481796
0.470457
0.459033
0.447525
0.435937
0.42427
0.412526
0.400707
0.388816
0.376854
0.364824
0.352728
0.340567
0.328345
0.316063
0.303724
0.29133
0.278883
0.266385
0.253839
0.241246
0.22861
0.215932
0.203215
0.190461
0.177672
0.164851
0.151999
0.13912
0.126216
0.113289
0.100341
0.0873751
0.074393
0.0613975
0.0483907
0.0353751
0.0223531
0.00932703
-0.00370075
-0.0167279
-0.0297519
-0.0427705
-0.0557814
-0.068782
-0.0817702
-0.0947434
-0.107699
-0.120636
-0.13355
-0.14644
-0.159304
-0.172138
-0.184942
-0.197711
-0.210445
-0.22314
-0.235795
-0.248407
-0.260974
-0.273493
-0.285963
-0.298381
-0.310745
-0.323053
-0.335302
-0.34749
-0.359615
-0.371675
-0.383668
-0.395592
-0.407444
-0.419223
-0.430925
-0.44255
-0.454095
-0.465559
-0.476938
-0.488231
-0.499437
-0.510552
-0.521576
-0.532506
-0.543341
-0.554077
-0.564715
-0.575251
-0.585684
-0.596012
-0.606233
-0.616346
-0.626349
-0.63624
-0.646017
-0.655679
-0.665225
-0.674651
-0.683958
-0.693143
-0.702205
-0.711142
-0.719952
-0.728636
-0.73719
-0.745613
-0.753905
-0.762063
-0.770086
-0.777974
-0.785725
-0.793337
-0.800809
-0.808141
-0.81533
-0.822376
-0.829278
-0.836035
-0.842645
-0.849107
-0.855421
-0.861586
-0.8676
-0.873463
-0.879174
-0.884732
-0.890135
-0.895384
-0.900478
-0.905416
-0.910196
-0.914819
-0.919284
-0.92359
-0.927736
-0.931723
-0.935549
-0.939214
-0.942717
-0.946058
-0.949237
-0.952253
-0.955106
-0.957796
-0.960322
-0.962683
-0.964881
-0.966913
-0.968782
-0.970485
-0.972023
-0.973396
-0.974604
-0.975647
-0.976525
-0.977237
-0.977784
-0.978167
