10000
0.94138
0.93699
0.932452
0.927767
0.922936
0.917958
0.912836
0.907568
0.902158
0.896604
0.890909
0.885072
0.879095
0.872978
0.866723
0.86033
0.853801
0.847135
0.840335
0.833402
0.826335
0.819137
0.811808
0.80435
0.796763
0.789049
0.781209
0.773244
0.765155
0.756944
0.748611
0.740159
0.731587
0.722898
0.714093
0.705173
0.696139
0.686994
0.677737
0.668372
0.658898
0.649318
0.639633
0.629845
0.619954
0.609963
0.599874
0.589686
0.579403
0.569026
0.558556
0.547996
0.537346
0.526608
0.515784
0.504876
0.493886
0.482814
0.471664
0.460436
0.449133
0.437756
0.426306
0.414787
0.4032
0.391545
0.379827
0.368045
0.356203
0.344302
0.332344
0.32033
0.308264
0.296146
0.283979
0.271765
0.259505
0.247203
0.234858
0.222475
0.210055
0.197599
0.18511
0.172591
0.160042
0.147466
0.134866
0.122243
0.109599
0.0969367
0.0842581
0.0715652
0.0588602
0.0461453
0.0334225
0.0206941
0.00796212
-0.00477119
-0.0175037
-0.0302332
-0.0429576
-0.0556746
-0.0683821
-0.081078
-0.0937599
-0.106426
-0.119073
-0.131701
-0.144305
-0.156885
-0.169438
-0.181961
-0.194453
-0.206912
-0.219334
-0.231719
-0.244064
-0.256366
-0.268624
-0.280835
-0.292998
-0.305109
-0.317167
-0.32917
-0.341116
-0.353002
-0.364826
-0.376586
-0.388281
-0.399907
-0.411463
-0.422947
-0.434357
-0.44569
-0.456945
-0.468119
-0.479211
-0.490218
-0.501138
-0.51197
-0.522712
-0.53336
-0.543915
-0.554372
-0.564732
-0.574991
-0.585148
-0.5952
-0.605147
-0.614986
-0.624715
-0.634333
-0.643838
-0.653227
-0.6625
-0.671654
-0.680688
-0.6896
-0.698388
-0.707051
-0.715587
-0.723995
-0.732272
-0.740418
-0.74843
-0.756308
-0.764049
-0.771653
-0.779118
-0.786441
-0.793623
-0.800662
-0.807556
-0.814304
-0.820904
-0.827356
-0.833658
-0.839809
-0.845808
-0.851653
-0.857344
-0.86288
-0.868259
-0.87348
-0.878542
-0.883445
-0.888188
-0.892768
-0.897187
-0.901442
-0.905533
-0.909459
-0.91322
-0.916814
-0.920242
-0.923501
-0.926593
-0.929515
-0.932268
-0.934851
-0.937264
-0.939506
-0.941576
-0.943475
-0.945201
-0.946755
-0.948136
-0.949345
-0.95038
-0.951241
-0.95193
-0.952444
-0.952785
-0.952951
-0.952944
-0.952764
-0.952409
-0.951881
-0.951179
-0.950303
-0.949255
-0.948033
-0.946639
-0.945072
-0.943332
-0.941421
-0.939339
-0.937085
-0.934661
-0.932067
-0.929304
-0.926371
-0.92327
-0.920001
-0.916565
-0.912962
-0.909194
-0.90526
-0.901163
-0.896901
-0.892478
-0.887892
-0.883146
-0.87824
-0.873175
-0.867951
-0.862571
-0.857035
-0.851345
-0.8455
-0.839503
-0.833355
-0.827056
-0.820609
-0.814013
-0.807271
-0.800384
-0.793354
-0.78618
-0.778866
-0.771412
-0.763819
-0.75609
-0.748225
-0.740227
-0.732096
-0.723834
-0.715443
-0.706924
-0.69828
-0.689511
-0.680619
-0.671606
-0.662474
-0.653224
-0.643859
-0.634379
-0.624786
-0.615083
-0.605272
-0.595353
-0.585329
-0.575202
-0.564973
-0.554645
-0.544219
-0.533698
-0.523083
-0.512376
-0.501579
-0.490694
-0.479723
-0.468668
-0.457532
-0.446315
-0.435021
-0.423651
-0.412207
-0.400691
-0.389106
-0.377453
-0.365735
-0.353953
-0.34211
-0.330208
-0.318248
-0.306234
-0.294167
-0.28205
-0.269883
-0.257671
-0.245414
-0.233114
-0.220775
-0.208399
-0.195986
-0.18354
-0.171063
-0.158556
-0.146022
-0.133464
-0.120883
-0.108281
-0.0956608
-0.0830245
-0.0703741
-0.0577118
-0.0450397
-0.03236
-0.0196748
-0.00698638
0.00570326
0.0183919
0.0310775
0.0437579
0.0564309
0.0690945
0.0817464
0.0943848
0.107007
0.119612
0.132197
0.144759
0.157298
0.16981
0.182294
0.194748
0.20717
0.219557
0.231908
0.244221
0.256493
0.268723
0.280909
0.293048
0.305139
0.31718
0.329169
0.341103
0.352982
0.364803
0.376564
0.388264
0.3999
0.411471
0.422974
0.434409
0.445773
0.457065
0.468282
0.479423
0.490486
0.50147
0.512372
0.523192
0.533926
0.544575
0.555135
0.565606
0.575986
0.586273
0.596465
0.606561
0.61656
0.62646
0.636259
0.645956
0.65555
0.665038
0.67442
0.683694
0.692859
0.701913
0.710855
0.719683
0.728397
0.736994
0.745474
0.753835
0.762077
0.770197
0.778195
0.786069
0.793819
0.801442
0.808938
0.816306
0.823545
0.830654
0.837631
0.844475
0.851186
0.857762
0.864203
0.870507
0.876674
0.882703
0.888593
0.894342
0.89995
0.905417
0.910741
0.915922
0.920958
0.92585
0.930596
0.935196
0.939649
0.943954
0.948111
0.952119
0.955977
0.959686
0.963243
0.96665
0.969905
0.973008
0.975958
0.978756
0.981399
0.983889
0.986225
0.988407
0.990433
0.992304
0.99402
0.99558
0.996984
0.998232
0.999324
1.00026
1.00104
1.00166
1.00212
1.00243
1.00258
1.00258
1.00241
1.00209
1.00161
1.00098
1.00019
0.99924
0.998135
0.996874
0.995456
0.993883
0.992153
0.990268
0.988227
0.986031
0.98368
0.981175
0.978516
0.975703
0.972737
0.969618
0.966346
0.962922
0.959347
0.955621
0.951744
0.947717
0.943541
0.939216
0.934743
0.930123
0.925356
0.920442
0.915384
0.91018
0.904833
0.899343
0.89371
0.887936
0.882021
0.875966
0.869772
0.863441
0.856972
0.850367
0.843627
0.836753
0.829746
0.822607
0.815336
0.807936
0.800407
0.79275
0.784966
0.777057
0.769024
0.760867
0.752589
0.74419
0.735672
0.727036
0.718283
0.709415
0.700432
0.691337
0.682131
0.672814
0.663389
0.653857
0.64422
0.634478
0.624634
0.614688
0.604643
0.594499
0.58426
0.573925
0.563497
0.552977
0.542368
0.531669
0.520884
0.510014
0.499061
0.488026
0.476911
0.465718
0.454449
0.443105
0.431688
0.4202
0.408643
0.397019
0.385329
0.373575
0.36176
0.349885
0.337952
0.325964
0.313921
0.301825
0.28968
0.277487
0.265247
0.252963
0.240637
0.228271
0.215867
0.203426
0.190952
0.178445
0.165908
0.153344
0.140754
0.12814
0.115505
0.10285
0.0901773
0.0774898
0.0647891
0.0520775
0.039357
0.0266299
0.0138982
0.00116423
-0.01157
-0.0243022
-0.0370303
-0.0497521
-0.0624654
-0.075168
-0.0878577
-0.100532
-0.11319
-0.125828
-0.138444
-0.151037
-0.163603
-0.176142
-0.188649
-0.201125
-0.213565
-0.225969
-0.238333
-0.250657
-0.262936
-0.27517
-0.287356
-0.299493
-0.311576
-0.323606
-0.335579
-0.347494
-0.359347
-0.371138
-0.382864
-0.394523
-0.406112
-0.41763
-0.429075
-0.440444
-0.451736
-0.462948
-0.474078
-0.485125
-0.496086
-0.506959
-0.517743
-0.528434
-0.539032
-0.549535
-0.55994
-0.570245
-0.580449
-0.590549
-0.600545
-0.610433
-0.620212
-0.629881
-0.639437
-0.648879
-0.658205
-0.667412
-0.676501
-0.685468
-0.694312
-0.703031
-0.711624
-0.720089
-0.728425
-0.73663
-0.744702
-0.752639
-0.760441
-0.768106
-0.775632
-0.783018
-0.790263
-0.797365
-0.804322
-0.811134
-0.8178
-0.824317
-0.830684
-0.836901
-0.842966
-0.848878
-0.854637
-0.860239
-0.865686
-0.870975
-0.876106
-0.881078
-0.885889
-0.890539
-0.895027
-0.899352
-0.903513
-0.907509
-0.91134
-0.915005
-0.918503
-0.921834
-0.924996
-0.92799
-0.930814
-0.933469
-0.935953
-0.938266
-0.940408
-0.942378
-0.944176
-0.945802
-0.947255
-0.948534
-0.949641
-0.950574
-0.951334
-0.951919
-0.952331
-0.952569
-0.952633
-0.952523
-0.952239
-0.951782
-0.95115
-0.950345
-0.949366
-0.948214
-0.946889
-0.945392
-0.943722
-0.941879
-0.939866
-0.93768
-0.935324
-0.932798
-0.930101
-0.927236
-0.924201
-0.920998
-0.917628
-0.914091
-0.910388
-0.906519
-0.902485
-0.898288
-0.893928
-0.889405
-0.884721
-0.879877
-0.874874
-0.869712
-0.864392
-0.858916
-0.853285
-0.8475
-0.841561
-0.835471
-0.829229
-0.822839
-0.8163
-0.809613
-0.802782
-0.795805
-0.788686
-0.781425
-0.774023
-0.766483
-0.758805
-0.750991
-0.743043
-0.734961
-0.726749
-0.718406
-0.709935
-0.701337
-0.692614
-0.683768
-0.6748
-0.665712
-0.656506
-0.647183
-0.637745
-0.628194
-0.618532
-0.60876
-0.59888
-0.588895
-0.578806
-0.568614
-0.558322
-0.547932
-0.537445
-0.526864
-0.51619
-0.505426
-0.494573
-0.483633
-0.472608
-0.461501
-0.450314
-0.439047
-0.427704
-0.416287
-0.404797
-0.393236
-0.381608
-0.369913
-0.358153
-0.346332
-0.334451
-0.322512
-0.310517
-0.298469
-0.286369
-0.27422
-0.262023
-0.249782
-0.237498
-0.225172
-0.212809
-0.200409
-0.187974
-0.175508
-0.163011
-0.150487
-0.137937
-0.125363
-0.112768
-0.100154
-0.0875234
-0.0748776
-0.0622191
-0.04955
-0.0368726
-0.024189
-0.0115013
0.00118839
0.0138779
0.026565
0.0392477
0.0519238
0.0645911
0.0772477
0.0898914
0.10252
0.115131
0.127724
0.140295
0.152842
0.165365
0.177859
0.190325
0.202758
0.215158
0.227523
0.239849
0.252137
0.264382
0.276584
0.28874
0.300849
0.312909
0.324916
0.336871
0.34877
0.360613
0.372396
0.384118
0.395777
0.407372
0.418901
0.430361
0.441751
0.453069
0.464313
0.475482
0.486574
0.497587
0.508519
0.519369
0.530135
0.540816
0.551409
0.561913
0.572326
0.582647
0.592874
0.603006
0.613041
0.622978
0.632814
0.642549
0.652181
0.661709
0.67113
0.680444
0.68965
0.698745
0.707729
0.7166
0.725356
0.733997
0.742521
0.750927
0.759214
0.76738
0.775424
0.783344
0.791141
0.798812
0.806356
0.813773
0.821061
0.828219
0.835246
0.842141
0.848902
0.85553
0.862023
0.868379
0.874599
0.880681
0.886624
0.892427
0.89809
0.903611
0.908991
0.914227
0.919319
0.924267
0.92907
0.933727
0.938237
0.9426
0.946814
0.950881
0.954798
0.958565
0.962182
0.965649
0.968964
0.972127
0.975137
0.977995
0.9807
0.983251
0.985649
0.987892
0.98998
0.991913
0.993692
0.995314
0.996781
0.998092
0.999247
1.00025
1.00109
1.00177
1.0023
1.00267
1.00289
1.00295
1.00285
1.00259
1.00218
1.00161
1.00088
0.999997
0.998957
0.997761
0.996408
0.994899
0.993234
0.991414
0.989438
0.987307
0.985022
0.982581
0.979987
0.977239
0.974337
0.971283
0.968076
0.964716
0.961206
0.957544
0.953731
0.949768
0.945656
0.941395
0.936986
0.932429
0.927725
0.922875
0.917879
0.912738
0.907454
0.902025
0.896455
0.890742
0.884889
0.878895
0.872762
0.866491
0.860083
0.853538
0.846858
0.840043
0.833095
0.826014
0.818802
0.811459
0.803987
0.796387
0.78866
0.780807
0.77283
0.764729
0.756505
0.748161
0.739696
0.731114
0.722414
0.713597
0.704667
0.695623
0.686467
0.677201
0.667826
0.658343
0.648753
0.639059
0.629262
0.619363
0.609364
0.599266
0.589071
0.57878
0.568395
0.557918
0.54735
0.536693
0.525949
0.515118
0.504204
0.493207
0.48213
0.470974
0.45974
0.448432
0.437049
0.425595
0.414071
0.402478
0.39082
0.379097
0.367311
0.355465
0.343559
0.331597
0.31958
0.30751
0.295389
0.283219
0.271002
0.25874
0.246434
0.234088
0.221702
0.20928
0.196822
0.184331
0.17181
0.159259
0.146682
0.13408
0.121456
0.108811
0.0961477
0.0834682
0.0707747
0.0580692
0.0453538
0.0326308
0.0199022
0.00717023
-0.00556295
-0.0182952
-0.0310243
-0.0437481
-0.0564644
-0.0691711
-0.081866
-0.0945468
-0.107211
-0.119858
-0.132483
-0.145086
-0.157664
-0.170215
-0.182736
-0.195226
-0.207682
-0.220102
-0.232484
-0.244826
-0.257125
-0.26938
-0.281588
-0.293746
-0.305854
-0.317908
-0.329907
-0.341848
-0.35373
-0.36555
-0.377305
-0.388995
-0.400616
-0.412167
-0.423645
-0.435049
-0.446376
-0.457625
-0.468793
-0.479878
-0.490878
-0.501792
-0.512616
-0.52335
-0.533991
-0.544538
-0.554987
-0.565338
-0.575589
-0.585737
-0.59578
-0.605718
-0.615547
-0.625267
-0.634874
-0.644368
-0.653747
-0.663009
-0.672152
-0.681175
-0.690075
-0.698851
-0.707502
-0.716025
-0.72442
-0.732684
-0.740817
-0.748816
-0.756679
-0.764406
-0.771995
-0.779445
-0.786754
-0.79392
-0.800943
-0.807821
-0.814552
-0.821136
-0.827571
-0.833855
-0.839989
-0.84597
-0.851797
-0.857469
-0.862986
-0.868345
-0.873547
-0.878589
-0.883472
-0.888194
-0.892754
-0.897151
-0.901384
-0.905454
-0.909358
-0.913096
-0.916667
-0.920072
-0.923308
-0.926376
-0.929274
-0.932003
-0.934561
-0.936949
-0.939165
-0.94121
-0.943083
-0.944783
-0.946311
-0.947665
-0.948846
-0.949854
-0.950688
-0.951349
-0.951835
-0.952147
-0.952285
-0.95225
-0.95204
-0.951656
-0.951098
-0.950366
-0.94946
-0.948382
-0.947129
-0.945704
-0.944106
-0.942336
-0.940394
-0.93828
-0.935995
-0.933539
-0.930913
-0.928117
-0.925152
-0.922019
-0.918717
-0.915249
-0.911613
-0.907812
-0.903846
-0.899715
-0.895421
-0.890964
-0.886345
-0.881566
-0.876626
-0.871528
-0.866271
-0.860858
-0.855289
-0.849564
-0.843687
-0.837656
-0.831475
-0.825143
-0.818662
-0.812034
-0.805259
-0.798339
-0.791275
-0.784069
-0.776722
-0.769235
-0.76161
-0.753849
-0.745952
-0.737922
-0.729759
-0.721466
-0.713043
-0.704494
-0.695818
-0.687019
-0.678096
-0.669053
-0.659891
-0.650612
-0.641217
-0.631708
-0.622086
-0.612355
-0.602515
-0.592568
-0.582517
-0.572362
-0.562107
-0.551752
-0.5413
-0.530753
-0.520112
-0.50938
-0.498559
-0.48765
-0.476655
-0.465577
-0.454417
-0.443179
-0.431862
-0.42047
-0.409005
-0.397469
-0.385864
-0.374191
-0.362453
-0.350653
-0.338792
-0.326872
-0.314895
-0.302864
-0.290781
-0.278648
-0.266467
-0.254239
-0.241968
-0.229656
-0.217304
-0.204915
-0.19249
-0.180033
-0.167545
-0.155028
-0.142485
-0.129918
-0.117328
-0.104719
-0.0920914
-0.0794485
-0.0667921
-0.0541243
-0.0414474
-0.0287635
-0.0160748
-0.00338327
0.0093088
0.0219993
0.0346861
0.0473671
0.0600402
0.0727032
0.085354
0.0979905
0.110611
0.123212
0.135794
0.148352
0.160886
0.173393
0.185871
0.198319
0.210733
0.223113
0.235456
0.247759
0.260022
0.272242
0.284417
0.296545
0.308625
0.320653
0.332629
0.344551
0.356416
0.368222
0.379969
0.391653
0.403273
0.414827
0.426314
0.437731
0.449077
0.46035
0.471548
0.48267
0.493713
0.504676
0.515558
0.526356
0.537069
0.547695
0.558233
0.568681
0.579037
0.5893
0.599468
0.609539
0.619513
0.629387
0.63916
0.648831
0.658398
0.667859
0.677214
0.68646
0.695597
0.704622
0.713536
0.722335
0.731019
0.739587
0.748037
0.756369
0.76458
0.772669
0.780636
0.788479
0.796197
0.803789
0.811254
0.81859
0.825796
0.832872
0.839817
0.846628
0.853306
0.85985
0.866257
0.872528
0.878662
0.884657
0.890513
0.896228
0.901803
0.907236
0.912526
0.917672
0.922675
0.927532
0.932244
0.93681
0.941228
0.945499
0.949622
0.953596
0.95742
0.961094
0.964618
0.96799
0.971211
0.97428
0.977197
0.97996
0.98257
0.985026
0.987329
0.989476
0.991469
0.993307
0.99499
0.996517
0.997888
0.999103
1.00016
1.00107
1.00181
1.0024
1.00283
1.00311
1.00323
1.00319
1.003
1.00265
1.00214
1.00147
1.00065
0.999673
0.998538
0.997247
0.995801
0.994198
0.99244
0.990526
0.988457
0.986234
0.983855
0.981323
0.978637
0.975797
0.972804
0.969659
0.966362
0.962912
0.959312
0.955561
0.95166
0.947609
0.943409
0.939061
0.934565
0.929921
0.925132
0.920196
0.915116
0.909891
0.904523
0.899012
0.893358
0.887564
0.88163
0.875556
0.869343
0.862993
0.856506
0.849883
0.843126
0.836234
0.82921
0.822055
0.814768
0.807352
0.799807
0.792135
0.784337
0.776414
0.768367
0.760197
0.751906
0.743494
0.734963
0.726315
0.717551
0.708671
0.699677
0.690572
0.681355
0.672028
0.662594
0.653052
0.643406
0.633655
0.623803
0.613849
0.603796
0.593646
0.583399
0.573058
0.562623
0.552098
0.541482
0.530779
0.519989
0.509114
0.498156
0.487117
0.475998
0.464802
0.453529
0.442182
0.430763
0.419272
0.407713
0.396087
0.384395
0.372641
0.360824
0.348949
0.337015
0.325026
0.312983
0.300888
0.288743
0.27655
0.264311
0.252029
0.239704
0.227339
0.214937
0.202498
0.190026
0.177521
0.164988
0.152426
0.139839
0.127228
0.114596
0.101944
0.0892757
0.0765921
0.0638955
0.051188
0.038472
0.0257494
0.0130224
0.000293247
-0.012436
-0.0251631
-0.0378858
-0.0506022
-0.0633099
-0.0760067
-0.0886906
-0.101359
-0.114011
-0.126642
-0.139252
-0.151838
-0.164398
-0.17693
-0.189431
-0.201899
-0.214333
-0.226729
-0.239086
-0.251402
-0.263674
-0.275901
-0.288079
-0.300207
-0.312283
-0.324305
-0.33627
-0.348176
-0.360022
-0.371804
-0.383521
-0.395171
-0.406752
-0.418261
-0.429697
-0.441057
-0.45234
-0.463543
-0.474664
-0.485701
-0.496652
-0.507516
-0.51829
-0.528972
-0.53956
-0.550052
-0.560447
-0.570742
-0.580935
-0.591025
-0.60101
-0.610888
-0.620656
-0.630314
-0.639859
-0.64929
-0.658604
-0.667801
-0.676878
-0.685833
-0.694665
-0.703373
-0.711954
-0.720407
-0.72873
-0.736922
-0.744981
-0.752906
-0.760696
-0.768347
-0.77586
-0.783233
-0.790464
-0.797552
-0.804496
-0.811294
-0.817945
-0.824448
-0.830801
-0.837003
-0.843054
-0.848951
-0.854694
-0.860281
-0.865712
-0.870986
-0.876101
-0.881056
-0.885851
-0.890484
-0.894956
-0.899264
-0.903408
-0.907387
-0.9112
-0.914847
-0.918327
-0.92164
-0.924784
-0.927759
-0.930564
-0.9332
-0.935665
-0.937958
-0.940081
-0.942031
-0.943809
-0.945414
-0.946846
-0.948106
-0.949191
-0.950103
-0.950841
-0.951406
-0.951796
-0.952012
-0.952053
-0.951921
-0.951614
-0.951134
-0.950479
-0.94965
-0.948648
-0.947473
-0.946124
-0.944602
-0.942908
-0.941041
-0.939002
-0.936792
-0.934411
-0.931859
-0.929138
-0.926246
-0.923186
-0.919957
-0.916561
-0.912998
-0.909268
-0.905373
-0.901313
-0.897089
-0.892701
-0.888152
-0.883441
-0.87857
-0.873539
-0.868349
-0.863002
-0.857498
-0.851839
-0.846026
-0.84006
-0.833941
-0.827672
-0.821253
-0.814686
-0.807972
-0.801112
-0.794107
-0.78696
-0.77967
-0.772241
-0.764672
-0.756966
-0.749124
-0.741148
-0.733038
-0.724797
-0.716427
-0.707928
-0.699302
-0.690552
-0.681678
-0.672683
-0.663567
-0.654334
-0.644984
-0.635519
-0.625941
-0.616252
-0.606453
-0.596547
-0.586536
-0.57642
-0.566203
-0.555886
-0.54547
-0.534958
-0.524352
-0.513654
-0.502865
-0.491988
-0.481024
-0.469976
-0.458846
-0.447635
-0.436346
-0.42498
-0.413541
-0.402029
-0.390447
-0.378798
-0.367082
-0.355302
-0.343461
-0.33156
-0.319602
-0.307589
-0.295522
-0.283404
-0.271237
-0.259024
-0.246766
-0.234465
-0.222124
-0.209745
-0.19733
-0.184881
-0.172401
-0.159891
-0.147353
-0.134791
-0.122205
-0.109599
-0.096974
-0.0843325
-0.0716767
-0.0590087
-0.0463307
-0.0336449
-0.0209534
-0.00825832
0.00443815
0.0171339
0.0298267
0.0425146
0.0551953
0.0678667
0.0805268
0.0931733
0.105804
0.118418
0.131011
0.143583
0.15613
0.168652
0.181146
0.193609
0.206041
0.218438
0.230799
0.243122
0.255404
0.267645
0.279841
0.291991
0.304093
0.316145
0.328145
0.340091
0.351981
0.363813
0.375586
0.387298
0.398946
0.410528
0.422044
0.433491
0.444867
0.456171
0.467401
0.478554
0.48963
0.500627
0.511542
0.522375
0.533123
0.543784
0.554358
0.564842
0.575236
0.585536
0.595742
0.605853
0.615865
0.625779
0.635593
0.645304
0.654912
0.664415
0.673812
0.683101
0.69228
0.701349
0.710306
0.71915
0.727879
0.736492
0.744988
0.753365
0.761622
0.769759
0.777773
0.785663
0.793429
0.801069
0.808582
0.815968
0.823223
0.830349
0.837344
0.844206
0.850934
0.857529
0.863988
0.87031
0.876496
0.882543
0.888451
0.89422
0.899847
0.905333
0.910677
0.915878
0.920934
0.925846
0.930612
0.935233
0.939706
0.944033
0.948211
0.95224
0.95612
0.95985
0.96343
0.966859
0.970137
0.973262
0.976236
0.979056
0.981724
0.984237
0.986597
0.988802
0.990853
0.992749
0.99449
0.996075
0.997504
0.998778
0.999895
1.00086
1.00166
1.00231
1.0028
1.00314
1.00331
1.00333
1.0032
1.00291
1.00246
1.00185
1.00109
1.00017
0.999095
0.997863
0.996475
0.994931
0.993232
0.991377
0.989367
0.987202
0.984883
0.982409
0.979782
0.977
0.974066
0.970979
0.96774
0.964349
0.960807
0.957113
0.95327
0.949277
0.945134
0.940844
0.936405
0.931819
0.927086
0.922207
0.917183
0.912015
0.906703
0.901248
0.89565
0.889911
0.884032
0.878013
0.871856
0.86556
0.859127
0.852559
0.845855
0.839017
0.832046
0.824943
0.81771
0.810346
0.802853
0.795233
0.787486
0.779614
0.771617
0.763497
0.755256
0.746894
0.738412
0.729813
0.721097
0.712265
0.703319
0.69426
0.68509
0.67581
0.666421
0.656925
0.647323
0.637617
0.627808
0.617898
0.607888
0.597779
0.587574
0.577274
0.566881
0.556395
0.545819
0.535155
0.524403
0.513566
0.502646
0.491643
0.480561
0.469399
0.458161
0.446849
0.435463
0.424005
0.412478
0.400884
0.389223
0.377498
0.365712
0.353865
0.341959
0.329997
0.317981
0.305912
0.293792
0.281624
0.269408
0.257149
0.244846
0.232502
0.22012
0.207701
0.195248
0.182762
0.170245
0.1577
0.145128
0.132532
0.119914
0.107276
0.0946191
0.0819467
0.0692605
0.0565626
0.0438551
0.0311403
0.0184202
0.00569694
-0.00702725
-0.0197502
-0.0324699
-0.045184
-0.0578904
-0.0705869
-0.0832713
-0.0959415
-0.108595
-0.12123
-0.133845
-0.146436
-0.159003
-0.171541
-0.184051
-0.196528
-0.208972
-0.22138
-0.233749
-0.246078
-0.258365
-0.270606
-0.282801
-0.294946
-0.307041
-0.319081
-0.331066
-0.342994
-0.354862
-0.366667
-0.378409
-0.390084
-0.401691
-0.413227
-0.424691
-0.436081
-0.447394
-0.458628
-0.469781
-0.480851
-0.491837
-0.502735
-0.513545
-0.524264
-0.53489
-0.545422
-0.555856
-0.566192
-0.576428
-0.58656
-0.596589
-0.606511
-0.616325
-0.62603
-0.635622
-0.645101
-0.654465
-0.663712
-0.672839
-0.681847
-0.690732
-0.699493
-0.708128
-0.716636
-0.725016
-0.733265
-0.741382
-0.749365
-0.757214
-0.764926
-0.7725
-0.779934
-0.787227
-0.794379
-0.801386
-0.808248
-0.814965
-0.821533
-0.827953
-0.834222
-0.84034
-0.846306
-0.852118
-0.857775
-0.863276
-0.86862
-0.873806
-0.878833
-0.883701
-0.888407
-0.892951
-0.897333
-0.901551
-0.905605
-0.909493
-0.913216
-0.916772
-0.920161
-0.923381
-0.926433
-0.929316
-0.932029
-0.934571
-0.936943
-0.939143
-0.941172
-0.943029
-0.944713
-0.946224
-0.947562
-0.948727
-0.949719
-0.950536
-0.95118
-0.95165
-0.951945
-0.952067
-0.952014
-0.951787
-0.951386
-0.950811
-0.950062
-0.949139
-0.948043
-0.946773
-0.94533
-0.943715
-0.941927
-0.939967
-0.937835
-0.935531
-0.933057
-0.930413
-0.927599
-0.924615
-0.921463
-0.918143
-0.914656
-0.911001
-0.907181
-0.903196
-0.899046
-0.894732
-0.890256
-0.885618
-0.880819
-0.875859
-0.870741
-0.865465
-0.860031
-0.854442
-0.848698
-0.842799
-0.836749
-0.830547
-0.824194
-0.817693
-0.811044
-0.804248
-0.797307
-0.790223
-0.782996
-0.775628
-0.76812
-0.760474
-0.752691
-0.744773
-0.736721
-0.728538
-0.720223
-0.711779
-0.703208
-0.694511
-0.68569
-0.676747
-0.667682
-0.658499
-0.649198
-0.639781
-0.630251
-0.620608
-0.610856
-0.600994
-0.591026
-0.580954
-0.570778
-0.560502
-0.550126
-0.539653
-0.529085
-0.518424
-0.507671
-0.496829
-0.485899
-0.474885
-0.463786
-0.452607
-0.441348
-0.430012
-0.4186
-0.407116
-0.39556
-0.383936
-0.372244
-0.360488
-0.348669
-0.33679
-0.324852
-0.312857
-0.300809
-0.288708
-0.276558
-0.264359
-0.252116
-0.239828
-0.2275
-0.215132
-0.202727
-0.190287
-0.177815
-0.165313
-0.152782
-0.140224
-0.127643
-0.115041
-0.102418
-0.0897782
-0.077123
-0.0644547
-0.0517755
-0.0390875
-0.0263928
-0.0136937
-0.000992241
0.0117094
0.024409
0.0371045
0.0497938
0.0624747
0.0751452
0.087803
0.100446
0.113072
0.12568
0.138266
0.150829
0.163367
0.175878
0.18836
0.20081
0.213227
0.225608
0.237952
0.250257
0.26252
0.27474
0.286914
0.299041
0.311119
0.323145
0.335119
0.347037
0.358898
0.3707
0.382442
0.39412
0.405735
0.417283
0.428762
0.440172
0.45151
0.462774
0.473963
0.485075
0.496108
0.507061
0.517931
0.528717
0.539418
0.550031
0.560556
0.57099
0.581331
0.591579
0.601732
0.611787
0.621744
0.631601
0.641357
0.65101
0.660558
0.67
0.679335
0.688561
0.697677
0.706681
0.715573
0.72435
0.733012
0.741556
0.749983
0.75829
0.766477
0.774541
0.782483
0.7903
0.797991
0.805556
0.812994
0.820302
0.82748
0.834528
0.841443
0.848226
0.854874
0.861387
0.867764
0.874004
0.880106
0.88607
0.891894
0.897577
0.903119
0.908518
0.913775
0.918888
0.923856
0.92868
0.933357
0.937888
0.942271
0.946506
0.950593
0.954531
0.958319
0.961957
0.965444
0.968779
0.971963
0.974995
0.977873
0.980599
0.983171
0.98559
0.987854
0.989963
0.991917
0.993717
0.995361
0.996849
0.998181
0.999357
1.00038
1.00124
1.00195
1.0025
1.00289
1.00313
1.00321
1.00313
1.0029
1.00251
1.00196
1.00125
1.00039
0.999375
0.998202
0.996872
0.995386
0.993744
0.991947
0.989995
0.987887
0.985625
0.983208
0.980638
0.977913
0.975036
0.972005
0.968822
0.965487
0.962001
0.958364
0.954576
0.950638
0.946551
0.942315
0.937931
0.933399
0.928721
0.923896
0.918926
0.913811
0.908552
0.90315
0.897605
0.891919
0.886092
0.880125
0.874019
0.867774
0.861393
0.854875
0.848221
0.841434
0.834513
0.827459
0.820274
0.812959
0.805515
0.797943
0.790243
0.782418
0.774469
0.766396
0.7582
0.749884
0.741448
0.732893
0.724221
0.715433
0.706531
0.697516
0.688388
0.67915
0.669803
0.660349
0.650788
0.641122
0.631353
0.621482
0.611511
0.601442
0.591275
0.581012
0.570655
0.560206
0.549666
0.539037
0.52832
0.517518
0.506631
0.495662
0.484611
0.473482
0.462276
0.450994
0.439638
0.42821
0.416712
0.405146
0.393513
0.381816
0.370056
0.358234
0.346354
0.334417
0.322424
0.310379
0.298281
0.286135
0.273941
0.261702
0.249419
0.237094
0.224731
0.212329
0.199893
0.187423
0.174922
0.162391
0.149834
0.137251
0.124645
0.112018
0.0993729
0.0867107
0.0740339
0.0613447
0.048645
0.0359372
0.0232233
0.0105055
-0.00221408
-0.0149333
-0.02765
-0.0403619
-0.053067
-0.065763
-0.0784479
-0.0911193
-0.103775
-0.116413
-0.129031
-0.141628
-0.154199
-0.166745
-0.179261
-0.191747
-0.2042
-0.216617
-0.228998
-0.241338
-0.253637
-0.265892
-0.278101
-0.290262
-0.302372
-0.31443
-0.326433
-0.338379
-0.350267
-0.362093
-0.373856
-0.385554
-0.397184
-0.408745
-0.420234
-0.43165
-0.44299
-0.454252
-0.465434
-0.476534
-0.48755
-0.49848
-0.509323
-0.520075
-0.530735
-0.541302
-0.551773
-0.562146
-0.572419
-0.582591
-0.592659
-0.602622
-0.612477
-0.622224
-0.631859
-0.641382
-0.650791
-0.660083
-0.669258
-0.678312
-0.687245
-0.696056
-0.704741
-0.7133
-0.721731
-0.730032
-0.738202
-0.74624
-0.754143
-0.76191
-0.76954
-0.777032
-0.784383
-0.791593
-0.798659
-0.805582
-0.812358
-0.818988
-0.82547
-0.831802
-0.837983
-0.844013
-0.849889
-0.855612
-0.861179
-0.866589
-0.871843
-0.876938
-0.881873
-0.886648
-0.891262
-0.895713
-0.900002
-0.904126
-0.908086
-0.911881
-0.915509
-0.91897
-0.922264
-0.925389
-0.928346
-0.931133
-0.93375
-0.936197
-0.938473
-0.940577
-0.94251
-0.94427
-0.945858
-0.947273
-0.948515
-0.949584
-0.950479
-0.9512
-0.951748
-0.952121
-0.952321
-0.952346
-0.952197
-0.951875
-0.951378
-0.950707
-0.949863
-0.948845
-0.947654
-0.94629
-0.944752
-0.943043
-0.941161
-0.939107
-0.936882
-0.934485
-0.931919
-0.929182
-0.926276
-0.923201
-0.919958
-0.916547
-0.912969
-0.909224
-0.905315
-0.90124
-0.897002
-0.8926
-0.888036
-0.883311
-0.878426
-0.87338
-0.868177
-0.862816
-0.857298
-0.851625
-0.845798
-0.839817
-0.833685
-0.827402
-0.820969
-0.814388
-0.807659
-0.800785
-0.793767
-0.786605
-0.779302
-0.771858
-0.764276
-0.756556
-0.7487
-0.74071
-0.732586
-0.724332
-0.715947
-0.707434
-0.698795
-0.690031
-0.681143
-0.672134
-0.663004
-0.653757
-0.644393
-0.634914
-0.625322
-0.615619
-0.605807
-0.595887
-0.585861
-0.575732
-0.565501
-0.555169
-0.54474
-0.534214
-0.523594
-0.512882
-0.50208
-0.491189
-0.480211
-0.46915
-0.458005
-0.446781
-0.435478
-0.4241
-0.412646
-0.401121
-0.389526
-0.377863
-0.366134
-0.354341
-0.342487
-0.330573
-0.318602
-0.306576
-0.294496
-0.282366
-0.270186
-0.25796
-0.24569
-0.233377
-0.221024
-0.208633
-0.196206
-0.183745
-0.171253
-0.158731
-0.146183
-0.133609
-0.121012
-0.108395
-0.0957594
-0.0831075
-0.0704413
-0.0577632
-0.0450753
-0.0323797
-0.0196787
-0.00697428
0.00573129
0.0184359
0.0311374
0.0438336
0.0565225
0.0692019
0.0818696
0.0945235
0.107162
0.119782
0.132382
0.14496
0.157514
0.170041
0.18254
0.195009
0.207445
0.219847
0.232212
0.244539
0.256825
0.269068
0.281267
0.29342
0.305524
0.317577
0.329579
0.341526
0.353416
0.365249
0.377022
0.388733
0.40038
0.411961
0.423475
0.43492
0.446294
0.457595
0.468821
0.479971
0.491043
0.502035
0.512945
0.523772
0.534514
0.545169
0.555736
0.566214
0.576599
0.586891
0.597089
0.60719
0.617194
0.627098
0.636901
0.646601
0.656198
0.665689
0.675073
0.68435
0.693516
0.702571
0.711514
0.720344
0.729058
0.737655
0.746135
0.754496
0.762736
0.770855
0.778852
0.786724
0.794471
0.802092
0.809586
0.816951
0.824186
0.831291
0.838264
0.845104
0.851811
0.858382
0.864818
0.871117
0.877279
0.883302
0.889185
0.894928
0.90053
0.90599
0.911307
0.916481
0.92151
0.926394
0.931133
0.935725
0.94017
0.944467
0.948615
0.952615
0.956464
0.960164
0.963713
0.967111
0.970357
0.97345
0.976391
0.979179
0.981814
0.984294
0.986621
0.988792
0.990809
0.992671
0.994377
0.995927
0.997322
0.99856
0.999642
1.00057
1.00134
1.00195
1.0024
1.0027
1.00284
1.00283
1.00265
1.00232
1.00184
1.0012
1.00039
0.999438
0.998325
0.997055
0.99563
0.994048
0.99231
0.990417
0.988369
0.986166
0.983808
0.981296
0.97863
0.975811
0.972838
0.969713
0.966435
0.963006
0.959426
0.955694
0.951813
0.947782
0.943601
0.939273
0.934796
0.930172
0.925402
0.920486
0.915425
0.91022
0.904871
0.899379
0.893745
0.88797
0.882054
0.876
0.869806
0.863475
0.857007
0.850404
0.843665
0.836793
0.829788
0.822652
0.815384
0.807987
0.800462
0.792809
0.78503
0.777125
0.769097
0.760947
0.752674
0.744282
0.73577
0.727141
0.718396
0.709535
0.700561
0.691474
0.682276
0.672969
0.663553
0.654031
0.644404
0.634672
0.624839
0.614904
0.60487
0.594739
0.584511
0.574189
0.563773
0.553266
0.54267
0.531985
0.521214
0.510358
0.499419
0.488398
0.477298
0.46612
0.454866
0.443538
0.432136
0.420665
0.409124
0.397516
0.385842
0.374105
0.362307
0.350449
0.338533
0.326561
0.314536
0.302458
0.290331
0.278155
0.265933
0.253667
0.241359
0.22901
0.216624
0.204201
0.191745
0.179256
0.166738
0.154191
0.141619
0.129023
0.116405
0.103768
0.0911134
0.0784435
0.0657603
0.0530661
0.0403628
0.0276528
0.0149381
0.00222091
-0.0104967
-0.0232125
-0.0359244
-0.0486301
-0.0613276
-0.0740147
-0.0866891
-0.0993487
-0.111991
-0.124615
-0.137217
-0.149796
-0.162349
-0.174874
-0.187369
-0.199832
-0.21226
-0.224652
-0.237005
-0.249317
-0.261586
-0.27381
-0.285987
-0.298113
-0.310188
-0.32221
-0.334175
-0.346082
-0.357929
-0.369713
-0.381433
-0.393086
-0.404671
-0.416185
-0.427626
-0.438992
-0.450281
-0.46149
-0.472619
-0.483665
-0.494625
-0.505499
-0.516283
-0.526976
-0.537576
-0.548081
-0.558489
-0.568798
-0.579006
-0.589111
-0.599112
-0.609007
-0.618793
-0.628469
-0.638033
-0.647484
-0.656819
-0.666037
-0.675136
-0.684114
-0.69297
-0.701702
-0.710308
-0.718787
-0.727137
-0.735357
-0.743444
-0.751398
-0.759217
-0.766899
-0.774443
-0.781848
-0.789112
-0.796234
-0.803212
-0.810044
-0.816731
-0.82327
-0.82966
-0.835901
-0.841989
-0.847926
-0.853709
-0.859337
-0.864809
-0.870125
-0.875282
-0.880281
-0.88512
-0.889798
-0.894314
-0.898668
-0.902859
-0.906885
-0.910746
-0.914442
-0.917971
-0.921332
-0.924526
-0.927552
-0.930408
-0.933095
-0.935612
-0.937958
-0.940133
-0.942137
-0.943969
-0.945628
-0.947115
-0.948429
-0.949571
-0.950538
-0.951333
-0.951953
-0.9524
-0.952673
-0.952772
-0.952697
-0.952448
-0.952026
-0.951429
-0.950659
-0.949716
-0.948599
-0.947309
-0.945846
-0.944211
-0.942404
-0.940424
-0.938273
-0.935952
-0.933459
-0.930797
-0.927965
-0.924964
-0.921794
-0.918457
-0.914953
-0.911282
-0.907445
-0.903444
-0.899278
-0.894949
-0.890457
-0.885804
-0.88099
-0.876016
-0.870883
-0.865593
-0.860145
-0.854542
-0.848784
-0.842873
-0.836809
-0.830594
-0.824229
-0.817715
-0.811054
-0.804246
-0.797294
-0.790197
-0.782959
-0.775579
-0.76806
-0.760403
-0.75261
-0.744681
-0.736619
-0.728425
-0.7201
-0.711647
-0.703066
-0.694359
-0.685528
-0.676575
-0.667502
-0.658309
-0.648999
-0.639574
-0.630034
-0.620383
-0.610622
-0.600752
-0.590776
-0.580695
-0.570511
-0.560227
-0.549843
-0.539363
-0.528787
-0.518118
-0.507358
-0.496508
-0.485571
-0.474549
-0.463444
-0.452257
-0.440991
-0.429648
-0.41823
-0.406738
-0.395176
-0.383545
-0.371847
-0.360084
-0.348258
-0.336372
-0.324428
-0.312428
-0.300373
-0.288266
-0.276109
-0.263905
-0.251655
-0.239362
-0.227028
-0.214654
-0.202244
-0.189799
-0.177321
-0.164813
-0.152276
-0.139714
-0.127128
-0.11452
-0.101892
-0.0892473
-0.0765873
-0.0639142
-0.0512302
-0.0385376
-0.0258384
-0.0131348
-0.000429007
0.0122769
0.0249806
0.0376802
0.0503734
0.0630582
0.0757323
0.0883937
0.10104
0.11367
0.12628
0.13887
0.151436
0.163977
0.17649
0.188975
0.201427
0.213846
0.22623
0.238576
0.250882
0.263147
0.275368
0.287544
0.299672
0.31175
0.323777
0.335751
0.347669
0.359531
0.371333
0.383074
0.394752
0.406365
0.417912
0.429391
0.440799
0.452135
0.463398
0.474585
0.485694
0.496725
0.507674
0.518541
0.529324
0.540021
0.55063
0.56115
0.57158
0.581916
0.592159
0.602306
0.612356
0.622307
0.632158
0.641907
0.651552
0.661093
0.670528
0.679855
0.689073
0.69818
0.707176
0.716058
0.724826
0.733478
0.742012
0.750428
0.758724
0.7669
0.774953
0.782882
0.790687
0.798366
0.805918
0.813342
0.820637
0.827801
0.834834
0.841735
0.848502
0.855134
0.861632
0.867993
0.874216
0.880301
0.886247
0.892053
0.897719
0.903242
0.908623
0.91386
0.918954
0.923902
0.928705
0.933362
0.937872
0.942234
0.946448
0.950512
0.954428
0.958193
0.961808
0.965271
0.968583
0.971743
0.97475
0.977604
0.980305
0.982851
0.985244
0.987482
0.989565
0.991493
0.993265
0.994881
0.996342
0.997646
0.998794
0.999786
1.00062
1.0013
1.00182
1.00218
1.00239
1.00244
1.00233
1.00207
1.00165
1.00107
1.00033
0.999439
0.99839
0.997185
0.995823
0.994305
0.99263
0.990801
0.988815
0.986675
0.984379
0.981929
0.979325
0.976567
0.973656
0.970592
0.967375
0.964006
0.960485
0.956814
0.952992
0.94902
0.944898
0.940628
0.936209
0.931643
0.92693
0.922071
0.917066
0.911916
0.906623
0.901186
0.895607
0.889886
0.884025
0.878023
0.871883
0.865604
0.859189
0.852637
0.845949
0.839128
0.832173
0.825086
0.817868
0.810519
0.803042
0.795437
0.787705
0.779847
0.771865
0.76376
0.755533
0.747185
0.738717
0.730131
0.721428
0.71261
0.703677
0.694631
0.685474
0.676207
0.666831
0.657347
0.647758
0.638064
0.628267
0.618369
0.608371
0.598274
0.588081
0.577792
0.56741
0.556936
0.546371
0.535718
0.524977
0.514151
0.503241
0.492249
0.481177
0.470027
0.458799
0.447496
0.436121
0.424673
0.413156
0.401571
0.389921
0.378206
0.366428
0.354591
0.342695
0.330742
0.318735
0.306675
0.294564
0.282405
0.270198
0.257947
0.245653
0.233318
0.220944
0.208533
0.196088
0.18361
0.171101
0.158563
0.145999
0.133411
0.1208
0.108169
0.0955195
0.0828541
0.0701747
0.0574834
0.0447825
0.032074
0.01936
0.00664281
-0.00607554
-0.0187929
-0.031507
-0.0442158
-0.0569171
-0.0696087
-0.0822884
-0.0949541
-0.107604
-0.120235
-0.132845
-0.145433
-0.157996
-0.170532
-0.183038
-0.195513
-0.207954
-0.22036
-0.232728
-0.245055
-0.25734
-0.269581
-0.281774
-0.29392
-0.306014
-0.318055
-0.33004
-0.341969
-0.353838
-0.365645
-0.377388
-0.389066
-0.400676
-0.412215
-0.423683
-0.435076
-0.446393
-0.457631
-0.46879
-0.479866
-0.490857
-0.501762
-0.512579
-0.523305
-0.533939
-0.544478
-0.554921
-0.565267
-0.575512
-0.585654
-0.595694
-0.605627
-0.615453
-0.625169
-0.634774
-0.644266
-0.653644
-0.662904
-0.672047
-0.681069
-0.68997
-0.698748
-0.7074
-0.715926
-0.724324
-0.732591
-0.740728
-0.748731
-0.7566
-0.764333
-0.771928
-0.779385
-0.786701
-0.793875
-0.800907
-0.807794
-0.814535
-0.821129
-0.827575
-0.833872
-0.840017
-0.846011
-0.851852
-0.857538
-0.863069
-0.868444
-0.873662
-0.878721
-0.88362
-0.888359
-0.892937
-0.897353
-0.901606
-0.905695
-0.90962
-0.913379
-0.916972
-0.920398
-0.923657
-0.926747
-0.929669
-0.932422
-0.935005
-0.937418
-0.939659
-0.94173
-0.943629
-0.945356
-0.946911
-0.948293
-0.949502
-0.950539
-0.951402
-0.952091
-0.952607
-0.952949
-0.953117
-0.953112
-0.952933
-0.95258
-0.952053
-0.951353
-0.95048
-0.949433
-0.948213
-0.94682
-0.945255
-0.943518
-0.941609
-0.939528
-0.937276
-0.934854
-0.932261
-0.929499
-0.926568
-0.923468
-0.920201
-0.916766
-0.913164
-0.909397
-0.905464
-0.901367
-0.897107
-0.892683
-0.888098
-0.883352
-0.878446
-0.873381
-0.868157
-0.862777
-0.85724
-0.851548
-0.845703
-0.839705
-0.833555
-0.827254
-0.820805
-0.814207
-0.807463
-0.800574
-0.79354
-0.786364
-0.779046
-0.771588
-0.763992
-0.756259
-0.74839
-0.740387
-0.732251
-0.723984
-0.715588
-0.707064
-0.698414
-0.689638
-0.68074
-0.671721
-0.662582
-0.653325
-0.643952
-0.634465
-0.624864
-0.615153
-0.605333
-0.595406
-0.585373
-0.575237
-0.564999
-0.554661
-0.544225
-0.533694
-0.523068
-0.512351
-0.501543
-0.490647
-0.479665
-0.468599
-0.457451
-0.446222
-0.434916
-0.423534
-0.412077
-0.400549
-0.388951
-0.377285
-0.365554
-0.353759
-0.341902
-0.329987
-0.318014
-0.305986
-0.293905
-0.281773
-0.269593
-0.257366
-0.245095
-0.232781
-0.220428
-0.208036
-0.195609
-0.183149
-0.170657
-0.158135
-0.145587
-0.133014
-0.120418
-0.107802
-0.095167
-0.082516
-0.069851
-0.0571742
-0.0444876
-0.0317936
-0.0190941
-0.00639141
0.00631237
0.0190151
0.0317146
0.0444087
0.0570954
0.0697724
0.0824378
0.0950892
0.107725
0.120342
0.13294
0.145515
0.158065
0.17059
0.183086
0.195551
0.207984
0.220382
0.232744
0.245067
0.25735
0.269589
0.281785
0.293933
0.306033
0.318083
0.33008
0.342022
0.353909
0.365737
0.377505
0.389211
0.400853
0.41243
0.423939
0.435378
0.446747
0.458042
0.469263
0.480407
0.491473
0.502459
0.513364
0.524185
0.53492
0.545569
0.55613
0.5666
0.576979
0.587265
0.597455
0.607549
0.617545
0.627442
0.637237
0.64693
0.656518
0.666001
0.675377
0.684645
0.693803
0.702849
0.711783
0.720603
0.729308
0.737896
0.746366
0.754717
0.762947
0.771056
0.779042
0.786903
0.79464
0.80225
0.809732
0.817085
0.824309
0.831402
0.838363
0.84519
0.851884
0.858443
0.864866
0.871151
0.877299
0.883308
0.889178
0.894907
0.900494
0.905939
0.911241
0.9164
0.921414
0.926282
0.931004
0.93558
0.940008
0.944289
0.94842
0.952403
0.956235
0.959917
0.963448
0.966827
0.970055
0.97313
0.976052
0.97882
0.981435
0.983896
0.986202
0.988353
0.99035
0.99219
0.993876
0.995405
0.996777
0.997994
0.999054
0.999957
1.0007
1.00129
1.00172
1.002
1.00212
1.00208
1.00188
1.00153
1.00102
1.00035
0.999523
0.998541
0.997403
0.996108
0.994656
0.993048
0.991285
0.989365
0.987291
0.985061
0.982676
0.980137
0.977444
0.974597
0.971597
0.968443
0.965138
0.961681
0.958072
0.954312
0.950402
0.946342
0.942133
0.937776
0.93327
0.928617
0.923818
0.918873
0.913782
0.908547
0.903169
0.897647
0.891984
0.886179
0.880234
0.874149
0.867926
0.861565
0.855067
0.848434
0.841666
0.834763
0.827729
0.820562
0.813265
0.805838
0.798283
0.7906
0.782792
0.774858
0.7668
0.75862
0.750319
0.741897
0.733356
0.724698
0.715924
0.707035
0.698032
0.688917
0.679691
0.670355
0.660912
0.651362
0.641707
0.631949
0.622088
0.612127
0.602066
0.591909
0.581655
0.571307
0.560866
0.550334
0.539712
0.529003
0.518208
0.507328
0.496365
0.485321
0.474198
0.462998
0.451721
0.440371
0.428948
0.417455
0.405893
0.394265
0.382572
0.370815
0.358998
0.347121
0.335187
0.323198
0.311155
0.299061
0.286917
0.274725
0.262488
0.250207
0.237884
0.225522
0.213122
0.200687
0.188218
0.175718
0.163188
0.150631
0.138049
0.125443
0.112817
0.100171
0.0875086
0.0748314
0.0621416
0.0494413
0.0367326
0.0240177
0.0112987
-0.00142217
-0.0141428
-0.0268611
-0.0395748
-0.0522818
-0.0649798
-0.0776668
-0.0903406
-0.102999
-0.11564
-0.128261
-0.14086
-0.153434
-0.165983
-0.178503
-0.190992
-0.203449
-0.21587
-0.228254
-0.240599
-0.252902
-0.265162
-0.277375
-0.289541
-0.301656
-0.313719
-0.325728
-0.33768
-0.349573
-0.361405
-0.373174
-0.384878
-0.396515
-0.408082
-0.419578
-0.431001
-0.442348
-0.453617
-0.464807
-0.475915
-0.48694
-0.497878
-0.508729
-0.51949
-0.53016
-0.540736
-0.551216
-0.561599
-0.571882
-0.582064
-0.592143
-0.602117
-0.611983
-0.621741
-0.631389
-0.640924
-0.650345
-0.65965
-0.668837
-0.677905
-0.686852
-0.695676
-0.704375
-0.712949
-0.721395
-0.729711
-0.737897
-0.74595
-0.75387
-0.761654
-0.769301
-0.776809
-0.784178
-0.791406
-0.798491
-0.805432
-0.812228
-0.818878
-0.825379
-0.831732
-0.837934
-0.843985
-0.849883
-0.855627
-0.861217
-0.86665
-0.871927
-0.877045
-0.882005
-0.886804
-0.891443
-0.89592
-0.900234
-0.904385
-0.908371
-0.912193
-0.915848
-0.919338
-0.92266
-0.925814
-0.9288
-0.931616
-0.934264
-0.936741
-0.939048
-0.941183
-0.943147
-0.94494
-0.94656
-0.948008
-0.949284
-0.950386
-0.951315
-0.952071
-0.952654
-0.953062
-0.953298
-0.953359
-0.953247
-0.952961
-0.952501
-0.951868
-0.951062
-0.950082
-0.94893
-0.947604
-0.946106
-0.944436
-0.942594
-0.94058
-0.938396
-0.93604
-0.933515
-0.930819
-0.927955
-0.924921
-0.92172
-0.918352
-0.914816
-0.911115
-0.907248
-0.903216
-0.899021
-0.894663
-0.890143
-0.885461
-0.88062
-0.875619
-0.870459
-0.865142
-0.859669
-0.85404
-0.848257
-0.842321
-0.836233
-0.829995
-0.823606
-0.81707
-0.810386
-0.803557
-0.796583
-0.789465
-0.782206
-0.774807
-0.767269
-0.759593
-0.751781
-0.743834
-0.735754
-0.727543
-0.719202
-0.710732
-0.702135
-0.693413
-0.684568
-0.675601
-0.666513
-0.657307
-0.647984
-0.638546
-0.628995
-0.619332
-0.60956
-0.599679
-0.589693
-0.579602
-0.569409
-0.559116
-0.548724
-0.538235
-0.527652
-0.516976
-0.506208
-0.495353
-0.48441
-0.473382
-0.462271
-0.45108
-0.43981
-0.428462
-0.417041
-0.405546
-0.393981
-0.382347
-0.370647
-0.358882
-0.347055
-0.335168
-0.323223
-0.311222
-0.299167
-0.28706
-0.274904
-0.262701
-0.250452
-0.23816
-0.225827
-0.213456
-0.201047
-0.188605
-0.17613
-0.163625
-0.151092
-0.138533
-0.12595
-0.113347
-0.100723
-0.088083
-0.0754277
-0.0627596
-0.0500808
-0.0373936
-0.0247
-0.0120023
0.000697505
0.0133971
0.0260945
0.0387875
0.0514739
0.0641517
0.0768187
0.0894728
0.102112
0.114734
0.127337
0.139918
0.152476
0.165009
0.177514
0.18999
0.202434
0.214844
0.227219
0.239556
0.251853
0.264109
0.276321
0.288487
0.300605
0.312674
0.324691
0.336655
0.348564
0.360415
0.372207
0.383938
0.395606
0.407209
0.418745
0.430213
0.441611
0.452936
0.464188
0.475364
0.486463
0.497482
0.508421
0.519276
0.530048
0.540734
0.551332
0.56184
0.572258
0.582583
0.592814
0.60295
0.612988
0.622927
0.632766
0.642503
0.652136
0.661665
0.671088
0.680402
0.689608
0.698703
0.707686
0.716556
0.725311
0.73395
0.742471
0.750875
0.759158
0.76732
0.77536
0.783276
0.791068
0.798733
0.806272
0.813682
0.820963
0.828114
0.835133
0.84202
0.848773
0.855392
0.861875
0.868221
0.87443
0.880501
0.886433
0.892224
0.897874
0.903383
0.908748
0.913971
0.919049
0.923982
0.92877
0.933411
0.937904
0.942251
0.946448
0.950497
0.954396
0.958145
0.961743
0.96519
0.968485
0.971628
0.974618
0.977455
0.980138
0.982667
0.985042
0.987262
0.989327
0.991237
0.992991
0.994589
0.996031
0.997317
0.998446
0.999418
1.00023
1.00089
1.00139
1.00174
1.00193
1.00195
1.00183
1.00154
1.0011
1.0005
0.999746
0.998832
0.997762
0.996536
0.995152
0.993613
0.991917
0.990066
0.988058
0.985896
0.983578
0.981106
0.97848
0.975699
0.972765
0.969678
0.966438
0.963046
0.959503
0.955808
0.951962
0.947966
0.943821
0.939527
0.935085
0.930494
0.925757
0.920874
0.915845
0.910671
0.905353
0.899892
0.894288
0.888542
0.882656
0.87663
0.870464
0.864161
0.85772
0.851143
0.84443
0.837584
0.830604
0.823491
0.816248
0.808874
0.801372
0.793741
0.785984
0.778101
0.770093
0.761963
0.75371
0.745337
0.736844
0.728233
0.719505
0.710661
0.701704
0.692633
0.683451
0.674159
0.664758
0.655249
0.645635
0.635917
0.626096
0.616174
0.606152
0.596031
0.585814
0.575502
0.565096
0.554599
0.544011
0.533334
0.522571
0.511723
0.50079
0.489777
0.478683
0.46751
0.456261
0.444937
0.433541
0.422073
0.410535
0.398931
0.38726
0.375525
0.363729
0.351873
0.339958
0.327987
0.315962
0.303884
0.291757
0.27958
0.267357
0.25509
0.24278
0.23043
0.218041
0.205616
0.193157
0.180665
0.168143
0.155592
0.143016
0.130416
0.117793
0.105151
0.0924912
0.0798158
0.0671268
0.0544265
0.041717
0.0290005
0.016279
0.00355477
-0.00917008
-0.0218934
-0.034613
-0.0473267
-0.0600323
-0.0727277
-0.0854107
-0.0980791
-0.110731
-0.123363
-0.135975
-0.148563
-0.161126
-0.173661
-0.186166
-0.198639
-0.211078
-0.22348
-0.235844
-0.248167
-0.260448
-0.272683
-0.28487
-0.297009
-0.309096
-0.321129
-0.333106
-0.345025
-0.356884
-0.368681
-0.380413
-0.392079
-0.403677
-0.415204
-0.426658
-0.438037
-0.449339
-0.460562
-0.471705
-0.482764
-0.493738
-0.504626
-0.515424
-0.526131
-0.536746
-0.547265
-0.557688
-0.568012
-0.578235
-0.588355
-0.598371
-0.608281
-0.618083
-0.627775
-0.637355
-0.646821
-0.656172
-0.665406
-0.674521
-0.683516
-0.692388
-0.701137
-0.70976
-0.718256
-0.726623
-0.73486
-0.742965
-0.750937
-0.758774
-0.766474
-0.774036
-0.78146
-0.788742
-0.795882
-0.802879
-0.809731
-0.816437
-0.822995
-0.829405
-0.835665
-0.841774
-0.847731
-0.853534
-0.859183
-0.864676
-0.870012
-0.875191
-0.880211
-0.885072
-0.889772
-0.894311
-0.898687
-0.9029
-0.906949
-0.910833
-0.914552
-0.918104
-0.92149
-0.924707
-0.927757
-0.930638
-0.93335
-0.935891
-0.938263
-0.940463
-0.942493
-0.94435
-0.946036
-0.947549
-0.94889
-0.950058
-0.951053
-0.951875
-0.952523
-0.952998
-0.953299
-0.953426
-0.95338
-0.95316
-0.952767
-0.9522
-0.951459
-0.950546
-0.949459
-0.948199
-0.946767
-0.945163
-0.943386
-0.941438
-0.939319
-0.937029
-0.934569
-0.931938
-0.929139
-0.92617
-0.923033
-0.919729
-0.916258
-0.912621
-0.908818
-0.90485
-0.900718
-0.896423
-0.891966
-0.887347
-0.882567
-0.877628
-0.87253
-0.867275
-0.861862
-0.856295
-0.850572
-0.844696
-0.838668
-0.832489
-0.826159
-0.819681
-0.813056
-0.806284
-0.799367
-0.792307
-0.785104
-0.777761
-0.770278
-0.762657
-0.7549
-0.747007
-0.738981
-0.730823
-0.722534
-0.714116
-0.705571
-0.6969
-0.688105
-0.679188
-0.670149
-0.660992
-0.651717
-0.642327
-0.632822
-0.623206
-0.613479
-0.603644
-0.593702
-0.583655
-0.573505
-0.563254
-0.552903
-0.542456
-0.531913
-0.521276
-0.510548
-0.49973
-0.488825
-0.477834
-0.466759
-0.455603
-0.444368
-0.433054
-0.421666
-0.410203
-0.39867
-0.387067
-0.375396
-0.363661
-0.351862
-0.340003
-0.328085
-0.31611
-0.30408
-0.291998
-0.279865
-0.267685
-0.255458
-0.243187
-0.230875
-0.218522
-0.206133
-0.193708
-0.18125
-0.168761
-0.156243
-0.143698
-0.131129
-0.118538
-0.105927
-0.093297
-0.0806517
-0.0679927
-0.0553221
-0.0426422
-0.0299551
-0.0172629
-0.00456781
0.00812804
0.0208225
0.0335135
0.0461988
0.0588764
0.071544
0.0841997
0.0968413
0.109467
0.122074
0.13466
0.147224
0.159764
0.172277
0.184761
0.197215
0.209636
0.222022
0.234371
0.246681
0.258951
0.271177
0.283359
0.295494
0.307581
0.319616
0.3316
0.343528
0.3554
0.367214
0.378967
0.390659
0.402286
0.413848
0.425342
0.436766
0.44812
0.4594
0.470605
0.481734
0.492784
0.503754
0.514643
0.525447
0.536167
0.5468
0.557344
0.567799
0.578161
0.58843
0.598604
0.608682
0.618661
0.628541
0.638319
0.647995
0.657567
0.667033
0.676393
0.685643
0.694784
0.703814
0.712731
0.721534
0.730221
0.738792
0.747245
0.755579
0.763792
0.771883
0.779852
0.787696
0.795415
0.803008
0.810473
0.817809
0.825015
0.832091
0.839034
0.845844
0.852521
0.859062
0.865467
0.871736
0.877866
0.883858
0.889709
0.895421
0.900991
0.906418
0.911703
0.916844
0.92184
0.926691
0.931395
0.935953
0.940364
0.944626
0.94874
0.952705
0.956519
0.960183
0.963696
0.967058
0.970268
0.973325
0.976229
0.978979
0.981576
0.984019
0.986307
0.98844
0.990418
0.992241
0.993908
0.995418
0.996773
0.997971
0.999012
0.999897
1.00062
1.0012
1.00161
1.00187
1.00196
1.00191
1.00169
1.00132
1.00079
1.0001
0.999257
0.998256
0.997099
0.995784
0.994314
0.992687
0.990904
0.988965
0.986871
0.984621
0.982217
0.979658
0.976945
0.974079
0.971059
0.967886
0.96456
0.961083
0.957454
0.953674
0.949744
0.945664
0.941435
0.937057
0.932531
0.927858
0.923038
0.918072
0.912961
0.907706
0.902306
0.896764
0.89108
0.885254
0.879288
0.873183
0.866939
0.860557
0.854038
0.847384
0.840594
0.833671
0.826615
0.819428
0.812109
0.804661
0.797085
0.789381
0.781551
0.773596
0.765518
0.757316
0.748993
0.740551
0.731989
0.72331
0.714514
0.705604
0.69658
0.687444
0.678197
0.668841
0.659377
0.649806
0.64013
0.630351
0.62047
0.610488
0.600407
0.590229
0.579955
0.569586
0.559126
0.548574
0.537932
0.527203
0.516388
0.505489
0.494506
0.483444
0.472301
0.461082
0.449787
0.438418
0.426977
0.415465
0.403886
0.392239
0.380528
0.368755
0.35692
0.345026
0.333076
0.32107
0.30901
0.2969
0.28474
0.272533
0.26028
0.247985
0.235647
0.223271
0.210857
0.198408
0.185925
0.173412
0.160869
0.1483
0.135705
0.123088
0.11045
0.0977928
0.0851196
0.072432
0.0597322
0.0470223
0.0343043
0.0215806
0.00885322
-0.00387568
-0.0166039
-0.0293294
-0.0420498
-0.0547631
-0.067467
-0.0801594
-0.0928381
-0.105501
-0.118146
-0.13077
-0.143372
-0.15595
-0.1685
-0.181022
-0.193512
-0.205969
-0.218391
-0.230774
-0.243118
-0.25542
-0.267677
-0.279889
-0.292051
-0.304163
-0.316222
-0.328225
-0.340172
-0.352059
-0.363885
-0.375647
-0.387344
-0.398973
-0.410531
-0.422018
-0.433431
-0.444768
-0.456026
-0.467205
-0.478301
-0.489313
-0.500238
-0.511075
-0.521822
-0.532477
-0.543037
-0.553502
-0.563868
-0.574134
-0.584298
-0.594359
-0.604314
-0.614161
-0.623899
-0.633526
-0.64304
-0.652439
-0.661722
-0.670886
-0.679931
-0.688854
-0.697654
-0.706328
-0.714877
-0.723296
-0.731587
-0.739745
-0.747771
-0.755663
-0.763418
-0.771036
-0.778516
-0.785855
-0.793052
-0.800106
-0.807016
-0.813781
-0.820398
-0.826867
-0.833187
-0.839355
-0.845372
-0.851236
-0.856946
-0.862501
-0.867899
-0.87314
-0.878222
-0.883145
-0.887908
-0.89251
-0.896949
-0.901226
-0.905339
-0.909287
-0.91307
-0.916687
-0.920138
-0.92342
-0.926535
-0.929481
-0.932258
-0.934866
-0.937303
-0.939569
-0.941664
-0.943588
-0.94534
-0.946919
-0.948326
-0.94956
-0.950622
-0.95151
-0.952224
-0.952765
-0.953133
-0.953326
-0.953347
-0.953193
-0.952866
-0.952365
-0.951691
-0.950843
-0.949822
-0.948628
-0.947262
-0.945723
-0.944012
-0.942129
-0.940075
-0.93785
-0.935454
-0.932889
-0.930153
-0.927249
-0.924177
-0.920936
-0.917528
-0.913954
-0.910214
-0.906309
-0.90224
-0.898007
-0.893611
-0.889054
-0.884336
-0.879458
-0.87442
-0.869225
-0.863873
-0.858364
-0.852701
-0.846884
-0.840914
-0.834792
-0.828521
-0.8221
-0.815531
-0.808815
-0.801954
-0.794949
-0.787802
-0.780513
-0.773084
-0.765516
-0.757812
-0.749971
-0.741997
-0.73389
-0.725652
-0.717285
-0.708789
-0.700168
-0.691421
-0.682552
-0.673561
-0.66445
-0.655222
-0.645877
-0.636418
-0.626846
-0.617163
-0.60737
-0.597471
-0.587466
-0.577357
-0.567147
-0.556836
-0.546428
-0.535923
-0.525325
-0.514634
-0.503853
-0.492983
-0.482028
-0.470987
-0.459865
-0.448662
-0.437381
-0.426024
-0.414592
-0.403089
-0.391515
-0.379873
-0.368166
-0.356394
-0.344561
-0.332668
-0.320718
-0.308712
-0.296654
-0.284543
-0.272384
-0.260178
-0.247928
-0.235634
-0.223301
-0.210929
-0.198521
-0.186079
-0.173605
-0.161101
-0.148571
-0.136014
-0.123435
-0.110834
-0.0982153
-0.0855794
-0.072929
-0.0602663
-0.0475933
-0.0349124
-0.0222255
-0.00953488
0.00315733
0.015849
0.028538
0.0412222
0.0538995
0.0665677
0.0792248
0.0918685
0.104497
0.117108
0.129699
0.142269
0.154815
0.167335
0.179828
0.19229
0.204721
0.217117
0.229478
0.241801
0.254083
0.266324
0.278521
0.290671
0.302774
0.314827
0.326828
0.338776
0.350667
0.362502
0.374277
0.38599
0.39764
0.409226
0.420744
0.432194
0.443573
0.45488
0.466113
0.47727
0.48835
0.49935
0.510269
0.521106
0.531858
0.542524
0.553102
0.56359
0.573988
0.584293
0.594504
0.604619
0.614636
0.624555
0.634373
0.644089
0.653702
0.66321
0.672612
0.681905
0.69109
0.700164
0.709126
0.717974
0.726708
0.735326
0.743827
0.752208
0.76047
0.768611
0.77663
0.784525
0.792295
0.799939
0.807456
0.814846
0.822105
0.829235
0.836232
0.843098
0.84983
0.856427
0.862889
0.869214
0.875402
0.881452
0.887362
0.893132
0.898762
0.904249
0.909594
0.914795
0.919853
0.924765
0.929531
0.934152
0.938625
0.94295
0.947127
0.951156
0.955034
0.958762
0.96234
0.965767
0.969041
0.972164
0.975134
0.97795
0.980613
0.983122
0.985477
0.987677
0.989723
0.991612
0.993347
0.994925
0.996347
0.997613
0.998723
0.999676
1.00047
1.00111
1.00159
1.00192
1.00209
1.0021
1.00195
1.00165
1.00118
1.00057
0.999791
0.998859
0.99777
0.996524
0.995122
0.993564
0.991849
0.989979
0.987953
0.985772
0.983436
0.980945
0.9783
0.975501
0.972549
0.969443
0.966185
0.962774
0.959212
0.955499
0.951635
0.947621
0.943457
0.939145
0.934684
0.930076
0.92532
0.920419
0.915372
0.91018
0.904844
0.899364
0.893742
0.887979
0.882075
0.87603
0.869847
0.863525
0.857067
0.850472
0.843741
0.836877
0.829879
0.822749
0.815488
0.808096
0.800576
0.792928
0.785153
0.777252
0.769227
0.761079
0.752809
0.744418
0.735908
0.727279
0.718534
0.709673
0.700698
0.69161
0.682411
0.673101
0.663683
0.654158
0.644527
0.634792
0.624954
0.615015
0.604976
0.594839
0.584605
0.574276
0.563854
0.55334
0.542736
0.532044
0.521264
0.5104
0.499452
0.488422
0.477312
0.466124
0.45486
0.443521
0.432109
0.420626
0.409073
0.397453
0.385768
0.374019
0.362208
0.350338
0.338409
0.326424
0.314385
0.302294
0.290153
0.277963
0.265727
0.253447
0.241125
0.228762
0.216361
0.203924
0.191453
0.178949
0.166416
0.153855
0.141267
0.128656
0.116024
0.103371
0.0907018
0.0780168
0.0653187
0.0526094
0.0398913
0.0271664
0.0144369
0.00170487
-0.0110274
-0.0237578
-0.0364842
-0.0492043
-0.061916
-0.0746172
-0.0873056
-0.099979
-0.112635
-0.125272
-0.137888
-0.15048
-0.163045
-0.175583
-0.188091
-0.200566
-0.213006
-0.22541
-0.237774
-0.250098
-0.262378
-0.274612
-0.286799
-0.298936
-0.311021
-0.323052
-0.335026
-0.346942
-0.358798
-0.37059
-0.382318
-0.393979
-0.405571
-0.417091
-0.428539
-0.439911
-0.451206
-0.462421
-0.473555
-0.484605
-0.49557
-0.506447
-0.517235
-0.527931
-0.538534
-0.549041
-0.559451
-0.569762
-0.579971
-0.590078
-0.600079
-0.609974
-0.61976
-0.629435
-0.638998
-0.648447
-0.657781
-0.666996
-0.676093
-0.685068
-0.693921
-0.702649
-0.711251
-0.719726
-0.728071
-0.736285
-0.744368
-0.752316
-0.760128
-0.767804
-0.775342
-0.78274
-0.789996
-0.79711
-0.80408
-0.810905
-0.817583
-0.824113
-0.830494
-0.836725
-0.842805
-0.848731
-0.854504
-0.860122
-0.865584
-0.870889
-0.876036
-0.881023
-0.885851
-0.890518
-0.895023
-0.899365
-0.903544
-0.907558
-0.911407
-0.915091
-0.918608
-0.921957
-0.925139
-0.928152
-0.930996
-0.933671
-0.936175
-0.938509
-0.940672
-0.942663
-0.944482
-0.946129
-0.947604
-0.948906
-0.950035
-0.950991
-0.951773
-0.952381
-0.952817
-0.953078
-0.953165
-0.953079
-0.952819
-0.952386
-0.951778
-0.950998
-0.950044
-0.948917
-0.947617
-0.946144
-0.944499
-0.942682
-0.940694
-0.938534
-0.936204
-0.933703
-0.931033
-0.928193
-0.925185
-0.922009
-0.918665
-0.915154
-0.911477
-0.907635
-0.903628
-0.899457
-0.895123
-0.890628
-0.88597
-0.881153
-0.876176
-0.87104
-0.865748
-0.860298
-0.854694
-0.848935
-0.843023
-0.836959
-0.830744
-0.824379
-0.817866
-0.811206
-0.8044
-0.79745
-0.790356
-0.783121
-0.775745
-0.76823
-0.760577
-0.752788
-0.744865
-0.736808
-0.72862
-0.720301
-0.711854
-0.703281
-0.694581
-0.685759
-0.676814
-0.667749
-0.658565
-0.649265
-0.639849
-0.63032
-0.62068
-0.610929
-0.601071
-0.591106
-0.581037
-0.570866
-0.560594
-0.550223
-0.539756
-0.529194
-0.518538
-0.507792
-0.496957
-0.486035
-0.475028
-0.463937
-0.452766
-0.441516
-0.430188
-0.418786
-0.407311
-0.395765
-0.384151
-0.372469
-0.360723
-0.348915
-0.337046
-0.325119
-0.313136
-0.301099
-0.28901
-0.276871
-0.264684
-0.252452
-0.240177
-0.22786
-0.215505
-0.203112
-0.190685
-0.178225
-0.165735
-0.153216
-0.140672
-0.128103
-0.115513
-0.102903
-0.0902756
-0.0776329
-0.064977
-0.0523102
-0.0396345
-0.0269521
-0.0142651
-0.00157582
0.0111138
0.0238015
0.0364852
0.0491628
0.0618321
0.0744911
0.0871376
0.0997695
0.112385
0.124981
0.137557
0.15011
0.162637
0.175138
0.187609
0.20005
0.212457
0.224829
0.237164
0.24946
0.261714
0.273925
0.286091
0.29821
0.31028
0.322299
0.334265
0.346176
0.35803
0.369826
0.381561
0.393233
0.404842
0.416384
0.427858
0.439263
0.450596
0.461855
0.47304
0.484148
0.495177
0.506126
0.516993
0.527776
0.538473
0.549084
0.559606
0.570037
0.580377
0.590623
0.600774
0.610828
0.620784
0.630641
0.640396
0.650048
0.659596
0.669038
0.678373
0.687599
0.696716
0.705721
0.714613
0.723392
0.732055
0.740601
0.749029
0.757338
0.765526
0.773593
0.781536
0.789356
0.79705
0.804617
0.812057
0.819368
0.82655
0.8336
0.840518
0.847304
0.853955
0.860471
0.866852
0.873095
0.879201
0.885167
0.890994
0.896681
0.902226
0.907629
0.912889
0.918005
0.922977
0.927804
0.932484
0.937018
0.941404
0.945643
0.949732
0.953673
0.957464
0.961104
0.964594
0.967932
0.971118
0.974151
0.977032
0.97976
0.982334
0.984753
0.987019
0.989129
0.991085
0.992885
0.99453
0.996018
0.997351
0.998527
0.999546
1.00041
1.00112
1.00166
1.00206
1.00229
1.00237
1.00229
1.00205
1.00166
1.00111
1.0004
0.999539
0.998518
0.99734
0.996006
0.994516
0.992869
0.991066
0.989108
0.986995
0.984726
0.982303
0.979725
0.976994
0.974108
0.97107
0.967878
0.964535
0.961039
0.957392
0.953595
0.949647
0.945549
0.941302
0.936907
0.932363
0.927673
0.922836
0.917853
0.912725
0.907453
0.902037
0.896478
0.890777
0.884935
0.878953
0.872832
0.866571
0.860174
0.853639
0.846969
0.840164
0.833225
0.826154
0.818951
0.811617
0.804154
0.796563
0.788844
0.780999
0.77303
0.764936
0.75672
0.748383
0.739926
0.73135
0.722656
0.713847
0.704922
0.695884
0.686734
0.677474
0.668104
0.658626
0.649042
0.639353
0.62956
0.619666
0.609671
0.599577
0.589385
0.579099
0.568717
0.558244
0.547679
0.537025
0.526284
0.515456
0.504545
0.493551
0.482476
0.471322
0.46009
0.448783
0.437403
0.42595
0.414428
0.402837
0.391179
0.379458
0.367673
0.355827
0.343923
0.331962
0.319946
0.307876
0.295756
0.283586
0.271369
0.259107
0.246801
0.234455
0.222069
0.209646
0.197188
0.184697
0.172175
0.159624
0.147046
0.134443
0.121818
0.109172
0.0965082
0.0838277
0.071133
0.0584264
0.0457098
0.0329854
0.0202555
0.00752209
-0.00521258
-0.0179464
-0.0306771
-0.0434026
-0.0561206
-0.0688291
-0.0815258
-0.0942086
-0.106875
-0.119523
-0.132151
-0.144756
-0.157336
-0.169889
-0.182413
-0.194905
-0.207364
-0.219786
-0.232171
-0.244515
-0.256817
-0.269075
-0.281285
-0.293447
-0.305558
-0.317615
-0.329617
-0.341561
-0.353446
-0.365269
-0.377028
-0.388721
-0.400346
-0.4119
-0.423382
-0.43479
-0.446121
-0.457374
-0.468546
-0.479635
-0.49064
-0.501558
-0.512387
-0.523125
-0.533771
-0.544322
-0.554777
-0.565133
-0.575388
-0.585542
-0.595591
-0.605534
-0.615369
-0.625094
-0.634708
-0.644208
-0.653593
-0.662861
-0.672011
-0.68104
-0.689947
-0.69873
-0.707388
-0.715919
-0.724321
-0.732593
-0.740733
-0.74874
-0.756612
-0.764347
-0.771945
-0.779403
-0.786721
-0.793896
-0.800928
-0.807816
-0.814557
-0.82115
-0.827595
-0.83389
-0.840034
-0.846026
-0.851864
-0.857548
-0.863075
-0.868447
-0.87366
-0.878715
-0.883609
-0.888344
-0.892916
-0.897326
-0.901573
-0.905656
-0.909573
-0.913326
-0.916911
-0.92033
-0.923581
-0.926663
-0.929577
-0.932321
-0.934894
-0.937298
-0.93953
-0.941591
-0.94348
-0.945197
-0.946742
-0.948114
-0.949312
-0.950338
-0.951189
-0.951868
-0.952372
-0.952703
-0.95286
-0.952843
-0.952652
-0.952288
-0.951749
-0.951037
-0.950152
-0.949093
-0.947861
-0.946456
-0.944879
-0.94313
-0.941209
-0.939116
-0.936853
-0.934418
-0.931814
-0.92904
-0.926097
-0.922986
-0.919707
-0.916261
-0.912648
-0.908869
-0.904926
-0.900818
-0.896547
-0.892114
-0.887518
-0.882762
-0.877846
-0.872771
-0.867538
-0.862149
-0.856603
-0.850903
-0.845049
-0.839042
-0.832885
-0.826577
-0.82012
-0.813515
-0.806764
-0.799868
-0.792829
-0.785646
-0.778323
-0.77086
-0.763259
-0.755522
-0.747649
-0.739642
-0.731503
-0.723233
-0.714834
-0.706308
-0.697655
-0.688879
-0.679979
-0.670959
-0.66182
-0.652563
-0.64319
-0.633703
-0.624104
-0.614394
-0.604576
-0.594651
-0.58462
-0.574487
-0.564252
-0.553918
-0.543487
-0.53296
-0.522339
-0.511627
-0.500824
-0.489934
-0.478959
-0.467899
-0.456758
-0.445537
-0.434238
-0.422864
-0.411416
-0.399896
-0.388307
-0.376651
-0.364929
-0.353144
-0.341298
-0.329392
-0.31743
-0.305413
-0.293344
-0.281223
-0.269055
-0.25684
-0.244581
-0.23228
-0.219939
-0.207561
-0.195147
-0.1827
-0.170221
-0.157714
-0.145179
-0.13262
-0.120038
-0.107436
-0.0948159
-0.0821795
-0.0695292
-0.0568671
-0.0441954
-0.0315162
-0.0188317
-0.00614404
0.00654466
0.0192323
0.0319166
0.0445956
0.0572672
0.0699291
0.0825793
0.0952157
0.107836
0.120439
0.133021
0.145581
0.158117
0.170627
0.183109
0.19556
0.207978
0.220362
0.23271
0.245019
0.257288
0.269514
0.281696
0.293831
0.305919
0.317955
0.32994
0.34187
0.353745
0.365561
0.377318
0.389013
0.400644
0.41221
0.423709
0.435138
0.446497
0.457783
0.468995
0.480131
0.491188
0.502167
0.513063
0.523877
0.534606
0.545248
0.555803
0.566268
0.576641
0.586922
0.597108
0.607198
0.617191
0.627084
0.636876
0.646567
0.656154
0.665636
0.675011
0.684278
0.693436
0.702483
0.711418
0.720239
0.728946
0.737536
0.746009
0.754364
0.762598
0.770711
0.778701
0.786568
0.79431
0.801927
0.809416
0.816776
0.824008
0.831109
0.838078
0.844915
0.851619
0.858188
0.864621
0.870918
0.877077
0.883098
0.88898
0.894722
0.900323
0.905782
0.911099
0.916272
0.921301
0.926185
0.930924
0.935516
0.939961
0.944259
0.948408
0.952409
0.95626
0.95996
0.963511
0.96691
0.970158
0.973253
0.976196
0.978986
0.981622
0.984105
0.986434
0.988608
0.990627
0.992491
0.994199
0.995752
0.997149
0.99839
0.999474
1.0004
1.00117
1.00179
1.00225
1.00255
1.00269
1.00268
1.00251
1.00218
1.00169
1.00105
1.00026
0.999301
0.998189
0.996921
0.995497
0.993917
0.992181
0.990289
0.988242
0.98604
0.983683
0.981171
0.978506
0.975686
0.972714
0.969588
0.966311
0.962881
0.9593
0.955567
0.951685
0.947652
0.94347
0.93914
0.934661
0.930035
0.925262
0.920343
0.915279
0.91007
0.904717
0.899221
0.893583
0.887804
0.881884
0.875824
0.869625
0.863288
0.856814
0.850204
0.843459
0.83658
0.829568
0.822424
0.815149
0.807744
0.80021
0.792548
0.78476
0.776846
0.768808
0.760648
0.752365
0.743962
0.735439
0.726799
0.718042
0.709169
0.700183
0.691084
0.681873
0.672553
0.663124
0.653588
0.643947
0.634201
0.624353
0.614404
0.604355
0.594208
0.583965
0.573626
0.563195
0.552672
0.542059
0.531357
0.520569
0.509696
0.49874
0.487702
0.476584
0.465388
0.454115
0.442768
0.431349
0.419858
0.408299
0.396672
0.384979
0.373223
0.361406
0.349528
0.337593
0.325602
0.313556
0.301459
0.289312
0.277116
0.264875
0.252589
0.240261
0.227893
0.215487
0.203044
0.190568
0.17806
0.165522
0.152956
0.140364
0.127749
0.115112
0.102456
0.0897826
0.0770939
0.0643922
0.0516796
0.0389583
0.0262303
0.0134978
0.000763123
-0.0119717
-0.0247045
-0.0374331
-0.0501554
-0.062869
-0.0755719
-0.0882618
-0.100937
-0.113594
-0.126232
-0.138848
-0.151441
-0.164007
-0.176545
-0.189053
-0.201528
-0.213968
-0.226371
-0.238734
-0.251057
-0.263335
-0.275568
-0.287754
-0.299889
-0.311971
-0.324
-0.335971
-0.347884
-0.359737
-0.371526
-0.38325
-0.394907
-0.406494
-0.418011
-0.429453
-0.44082
-0.45211
-0.463319
-0.474447
-0.485491
-0.49645
-0.50732
-0.518101
-0.528789
-0.539384
-0.549884
-0.560285
-0.570587
-0.580788
-0.590885
-0.600877
-0.610761
-0.620537
-0.630202
-0.639754
-0.649191
-0.658513
-0.667716
-0.6768
-0.685763
-0.694602
-0.703317
-0.711905
-0.720366
-0.728696
-0.736896
-0.744962
-0.752895
-0.760692
-0.768351
-0.775872
-0.783252
-0.790491
-0.797587
-0.804538
-0.811344
-0.818003
-0.824514
-0.830875
-0.837086
-0.843144
-0.84905
-0.854801
-0.860398
-0.865837
-0.87112
-0.876243
-0.881208
-0.886012
-0.890655
-0.895135
-0.899453
-0.903606
-0.907595
-0.911418
-0.915075
-0.918566
-0.921888
-0.925043
-0.928028
-0.930844
-0.933491
-0.935966
-0.938271
-0.940405
-0.942366
-0.944156
-0.945773
-0.947217
-0.948488
-0.949586
-0.95051
-0.951261
-0.951838
-0.952241
-0.95247
-0.952525
-0.952406
-0.952113
-0.951646
-0.951005
-0.950191
-0.949203
-0.948042
-0.946707
-0.945201
-0.943521
-0.94167
-0.939646
-0.937452
-0.935086
-0.93255
-0.929845
-0.926969
-0.923925
-0.920713
-0.917334
-0.913787
-0.910075
-0.906196
-0.902154
-0.897947
-0.893577
-0.889046
-0.884353
-0.879499
-0.874486
-0.869315
-0.863987
-0.858502
-0.852861
-0.847067
-0.841119
-0.83502
-0.82877
-0.82237
-0.815822
-0.809128
-0.802287
-0.795302
-0.788174
-0.780905
-0.773495
-0.765946
-0.75826
-0.750438
-0.742481
-0.734392
-0.726171
-0.717821
-0.709342
-0.700737
-0.692006
-0.683153
-0.674177
-0.665082
-0.655868
-0.646538
-0.637093
-0.627535
-0.617866
-0.608088
-0.598201
-0.58821
-0.578114
-0.567916
-0.557618
-0.547222
-0.536729
-0.526142
-0.515462
-0.504693
-0.493834
-0.482889
-0.471859
-0.460747
-0.449555
-0.438283
-0.426936
-0.415514
-0.404019
-0.392455
-0.380822
-0.369123
-0.35736
-0.345535
-0.33365
-0.321707
-0.309709
-0.297658
-0.285555
-0.273403
-0.261204
-0.24896
-0.236673
-0.224345
-0.211979
-0.199577
-0.187141
-0.174672
-0.162174
-0.149648
-0.137097
-0.124522
-0.111927
-0.0993118
-0.0866801
-0.0740336
-0.0613747
-0.0487053
-0.0360277
-0.0233441
-0.0106564
0.00203299
0.0147221
0.0274087
0.0400907
0.052766
0.0654324
0.0780879
0.0907304
0.103358
0.115968
0.128558
0.141128
0.153673
0.166193
0.178686
0.191149
0.20358
0.215978
0.228339
0.240663
0.252948
0.26519
0.277389
0.289542
0.301647
0.313703
0.325707
0.337658
0.349554
0.361392
0.373171
0.384889
0.396544
0.408134
0.419658
0.431114
0.442499
0.453812
0.465052
0.476216
0.487302
0.49831
0.509237
0.520081
0.530842
0.541516
0.552104
0.562602
0.573009
0.583324
0.593546
0.603671
0.6137
0.62363
0.63346
0.643189
0.652814
0.662335
0.67175
0.681057
0.690256
0.699344
0.708321
0.717185
0.725934
0.734568
0.743085
0.751484
0.759763
0.767922
0.775958
0.783871
0.79166
0.799324
0.806861
0.81427
0.82155
0.8287
0.835719
0.842607
0.849361
0.85598
0.862465
0.868814
0.875026
0.881099
0.887034
0.89283
0.898484
0.903998
0.909369
0.914597
0.919681
0.924621
0.929416
0.934064
0.938566
0.942921
0.947128
0.951186
0.955095
0.958854
0.962463
0.965921
0.969228
0.972383
0.975386
0.978235
0.980932
0.983475
0.985864
0.988099
0.99018
0.992105
0.993875
0.99549
0.996949
0.998252
0.999398
1.00039
1.00122
1.0019
1.00242
1.00278
1.00299
1.00304
1.00293
1.00267
1.00225
1.00167
1.00094
1.00005
0.999
0.997796
0.996436
0.99492
0.993248
0.99142
0.989437
0.987299
0.985006
0.982559
0.979958
0.977202
0.974294
0.971232
0.968018
0.964652
0.961135
0.957466
0.953647
0.949677
0.945559
0.941291
0.936875
0.932312
0.927602
0.922745
0.917743
0.912596
0.907306
0.901871
0.896295
0.890576
0.884717
0.878717
0.872579
0.866302
0.859888
0.853338
0.846652
0.839832
0.832878
0.825792
0.818574
0.811227
0.80375
0.796145
0.788413
0.780555
0.772573
0.764467
0.756239
0.74789
0.739421
0.730833
0.722129
0.713309
0.704374
0.695326
0.686166
0.676895
0.667516
0.658029
0.648436
0.638738
0.628937
0.619035
0.609032
0.59893
0.588732
0.578437
0.568049
0.557569
0.546998
0.536338
0.525591
0.514757
0.50384
0.492841
0.481761
0.470602
0.459366
0.448054
0.436669
0.425213
0.413686
0.402092
0.390431
0.378706
0.366918
0.35507
0.343163
0.331199
0.31918
0.307109
0.294986
0.282815
0.270596
0.258332
0.246026
0.233678
0.221291
0.208867
0.196409
0.183917
0.171394
0.158843
0.146265
0.133663
0.121038
0.108393
0.095729
0.0830492
0.0703553
0.0576496
0.0449341
0.032211
0.0194824
0.00675054
-0.00598249
-0.0187145
-0.0314433
-0.0441668
-0.0568827
-0.0695888
-0.0822831
-0.0949633
-0.107627
-0.120273
-0.132897
-0.145499
-0.158076
-0.170626
-0.183146
-0.195635
-0.208089
-0.220508
-0.232889
-0.245229
-0.257527
-0.269779
-0.281985
-0.294142
-0.306248
-0.318301
-0.330297
-0.342237
-0.354116
-0.365933
-0.377686
-0.389373
-0.400992
-0.41254
-0.424016
-0.435417
-0.446742
-0.457988
-0.469153
-0.480235
-0.491232
-0.502142
-0.512964
-0.523694
-0.534332
-0.544875
-0.555321
-0.565668
-0.575915
-0.586059
-0.596099
-0.606033
-0.615858
-0.625573
-0.635177
-0.644667
-0.654042
-0.663299
-0.672438
-0.681456
-0.690351
-0.699123
-0.707769
-0.716288
-0.724678
-0.732937
-0.741064
-0.749058
-0.756916
-0.764638
-0.772222
-0.779666
-0.78697
-0.79413
-0.801148
-0.80802
-0.814745
-0.821323
-0.827752
-0.834031
-0.840158
-0.846133
-0.851954
-0.857621
-0.863131
-0.868484
-0.873679
-0.878715
-0.883591
-0.888306
-0.89286
-0.89725
-0.901477
-0.90554
-0.909437
-0.913168
-0.916733
-0.92013
-0.923359
-0.926419
-0.929311
-0.932032
-0.934583
-0.936963
-0.939172
-0.94121
-0.943075
-0.944768
-0.946288
-0.947635
-0.948808
-0.949808
-0.950635
-0.951287
-0.951766
-0.95207
-0.9522
-0.952157
-0.951939
-0.951547
-0.950981
-0.950241
-0.949327
-0.94824
-0.94698
-0.945547
-0.943941
-0.942162
-0.940212
-0.93809
-0.935797
-0.933333
-0.930698
-0.927894
-0.924921
-0.921779
-0.91847
-0.914993
-0.911349
-0.90754
-0.903565
-0.899426
-0.895124
-0.890659
-0.886032
-0.881244
-0.876296
-0.87119
-0.865925
-0.860504
-0.854926
-0.849194
-0.843308
-0.83727
-0.83108
-0.82474
-0.818252
-0.811615
-0.804833
-0.797905
-0.790834
-0.78362
-0.776265
-0.768771
-0.761138
-0.753369
-0.745465
-0.737427
-0.729257
-0.720957
-0.712528
-0.703971
-0.695288
-0.686481
-0.677552
-0.668502
-0.659334
-0.650047
-0.640645
-0.63113
-0.621502
-0.611764
-0.601918
-0.591965
-0.581907
-0.571747
-0.561485
-0.551125
-0.540667
-0.530114
-0.519468
-0.50873
-0.497903
-0.486989
-0.475989
-0.464906
-0.453742
-0.442498
-0.431177
-0.41978
-0.408311
-0.39677
-0.38516
-0.373483
-0.361742
-0.349937
-0.338072
-0.326148
-0.314168
-0.302134
-0.290047
-0.27791
-0.265726
-0.253496
-0.241222
-0.228906
-0.216552
-0.20416
-0.191733
-0.179274
-0.166783
-0.154265
-0.141719
-0.12915
-0.116559
-0.103948
-0.0913193
-0.0786751
-0.0660175
-0.0533487
-0.0406709
-0.0279862
-0.0152968
-0.00260483
0.0100876
0.0227784
0.0354653
0.0481463
0.0608192
0.0734819
0.0861323
0.0987683
0.111388
0.123989
0.136569
0.149126
0.161659
0.174165
0.186642
0.199088
0.2115
0.223878
0.236219
0.248521
0.260781
0.272999
0.285171
0.297297
0.309374
0.3214
0.333373
0.345291
0.357153
0.368956
0.380699
0.392379
0.403996
0.415546
0.427029
0.438442
0.449784
0.461053
0.472247
0.483364
0.494403
0.505361
0.516238
0.527031
0.537739
0.54836
0.558893
0.569335
0.579686
0.589943
0.600106
0.610172
0.62014
0.630008
0.639775
0.64944
0.659
0.668456
0.677804
0.687044
0.696174
0.705193
0.714099
0.722892
0.731569
0.74013
0.748574
0.756898
0.765102
0.773184
0.781144
0.788979
0.79669
0.804274
0.811731
0.81906
0.826259
0.833327
0.840264
0.847068
0.853738
0.860273
0.866673
0.872936
0.879061
0.885048
0.890896
0.896603
0.902169
0.907594
0.912876
0.918014
0.923008
0.927857
0.93256
0.937118
0.941528
0.94579
0.949904
0.953869
0.957685
0.96135
0.964865
0.968229
0.971441
0.974501
0.977409
0.980164
0.982765
0.985213
0.987506
0.989645
0.991629
0.993459
0.995132
0.996651
0.998013
0.99922
1.00027
1.00116
1.0019
1.00248
1.00291
1.00317
1.00328
1.00324
1.00303
1.00267
1.00216
1.00148
1.00065
0.999667
0.998525
0.997225
0.99577
0.994159
0.992392
0.99047
0.988393
0.986161
0.983775
0.981234
0.97854
0.975692
0.972692
0.969538
0.966233
0.962776
0.959167
0.955409
0.9515
0.947441
0.943233
0.938878
0.934374
0.929723
0.924926
0.919983
0.914896
0.909664
0.904288
0.89877
0.89311
0.887308
0.881367
0.875286
0.869067
0.86271
0.856216
0.849587
0.842823
0.835925
0.828895
0.821733
0.81444
0.807018
0.799468
0.79179
0.783986
0.776057
0.768004
0.759828
0.751531
0.743114
0.734578
0.725925
0.717155
0.70827
0.699272
0.690161
0.680939
0.671608
0.662169
0.652623
0.642972
0.633217
0.62336
0.613403
0.603346
0.593191
0.58294
0.572595
0.562157
0.551628
0.541009
0.530302
0.519509
0.508631
0.49767
0.486627
0.475506
0.464306
0.453031
0.441681
0.430259
0.418766
0.407205
0.395576
0.383883
0.372126
0.360308
0.34843
0.336495
0.324504
0.312459
0.300363
0.288216
0.276022
0.263782
0.251498
0.239173
0.226807
0.214404
0.201964
0.189491
0.176987
0.164452
0.15189
0.139303
0.126692
0.11406
0.101408
0.0887397
0.0760563
0.06336
0.050653
0.0379375
0.0252155
0.0124892
-0.000239171
-0.0129675
-0.0256936
-0.0384154
-0.0511305
-0.063837
-0.0765325
-0.089215
-0.101882
-0.114532
-0.127162
-0.13977
-0.152354
-0.164912
-0.177442
-0.189941
-0.202407
-0.214838
-0.227232
-0.239587
-0.2519
-0.26417
-0.276393
-0.288569
-0.300695
-0.312768
-0.324786
-0.336748
-0.348651
-0.360493
-0.372272
-0.383986
-0.395633
-0.40721
-0.418716
-0.430148
-0.441505
-0.452783
-0.463982
-0.475099
-0.486132
-0.49708
-0.507939
-0.518709
-0.529386
-0.53997
-0.550458
-0.560848
-0.571139
-0.581328
-0.591413
-0.601393
-0.611266
-0.62103
-0.630683
-0.640223
-0.649648
-0.658958
-0.668149
-0.677221
-0.686171
-0.694998
-0.7037
-0.712276
-0.720723
-0.729041
-0.737228
-0.745281
-0.753201
-0.760984
-0.76863
-0.776138
-0.783505
-0.79073
-0.797812
-0.80475
-0.811542
-0.818187
-0.824683
-0.83103
-0.837227
-0.843271
-0.849162
-0.854898
-0.86048
-0.865904
-0.871172
-0.87628
-0.881229
-0.886018
-0.890645
-0.895109
-0.899411
-0.903548
-0.907521
-0.911327
-0.914968
-0.918441
-0.921747
-0.924884
-0.927853
-0.930652
-0.93328
-0.935738
-0.938025
-0.94014
-0.942084
-0.943855
-0.945453
-0.946879
-0.948131
-0.94921
-0.950115
-0.950846
-0.951403
-0.951786
-0.951995
-0.95203
-0.95189
-0.951577
-0.951089
-0.950427
-0.949592
-0.948583
-0.9474
-0.946044
-0.944516
-0.942814
-0.94094
-0.938895
-0.936678
-0.93429
-0.931731
-0.929002
-0.926104
-0.923036
-0.919801
-0.916397
-0.912827
-0.909091
-0.905188
-0.901121
-0.89689
-0.892496
-0.88794
-0.883222
-0.878344
-0.873306
-0.86811
-0.862756
-0.857246
-0.85158
-0.84576
-0.839787
-0.833662
-0.827386
-0.820961
-0.814387
-0.807666
-0.8008
-0.793789
-0.786635
-0.779339
-0.771903
-0.764328
-0.756616
-0.748768
-0.740785
-0.73267
-0.724423
-0.716046
-0.707541
-0.69891
-0.690153
-0.681274
-0.672273
-0.663151
-0.653912
-0.644556
-0.635086
-0.625503
-0.615808
-0.606004
-0.596093
-0.586076
-0.575956
-0.565733
-0.55541
-0.54499
-0.534473
-0.523862
-0.513159
-0.502365
-0.491483
-0.480515
-0.469463
-0.458328
-0.447113
-0.435819
-0.42445
-0.413006
-0.40149
-0.389905
-0.378251
-0.366532
-0.354748
-0.342904
-0.330999
-0.319038
-0.307021
-0.294951
-0.28283
-0.27066
-0.258443
-0.246182
-0.233879
-0.221535
-0.209153
-0.196736
-0.184284
-0.171802
-0.159289
-0.14675
-0.134185
-0.121598
-0.10899
-0.0963628
-0.0837196
-0.0710623
-0.0583928
-0.0457135
-0.0330264
-0.0203338
-0.00763766
0.00505975
0.0177563
0.0304499
0.0431383
0.0558195
0.0684914
0.0811517
0.0937985
0.10643
0.119043
0.131636
0.144208
0.156755
0.169276
0.181769
0.194232
0.206663
0.219059
0.231419
0.243741
0.256022
0.268261
0.280456
0.292604
0.304705
0.316755
0.328753
0.340697
0.352585
0.364415
0.376185
0.387894
0.39954
0.41112
0.422633
0.434077
0.44545
0.456751
0.467977
0.479128
0.4902
0.501193
0.512105
0.522933
0.533678
0.544335
0.554905
0.565385
0.575774
0.58607
0.596272
0.606378
0.616386
0.626295
0.636103
0.64581
0.655413
0.66491
0.674302
0.683585
0.692759
0.701823
0.710774
0.719612
0.728335
0.736942
0.745432
0.753803
0.762054
0.770185
0.778192
0.786076
0.793836
0.801469
0.808976
0.816354
0.823603
0.830722
0.837709
0.844564
0.851286
0.857873
0.864324
0.87064
0.876818
0.882857
0.888758
0.894519
0.900139
0.905617
0.910953
0.916145
0.921194
0.926098
0.930856
0.935468
0.939934
0.944252
0.948422
0.952443
0.956314
0.960036
0.963608
0.967028
0.970297
0.973414
0.976379
0.97919
0.981849
0.984354
0.986705
0.988902
0.990943
0.99283
0.994562
0.996138
0.997559
0.998823
0.999932
1.00088
1.00168
1.00232
1.0028
1.00313
1.0033
1.00331
1.00316
1.00286
1.0024
1.00179
1.00102
1.00009
0.999004
0.997763
0.996366
0.994813
0.993104
0.991241
0.989222
0.987048
0.984719
0.982236
0.9796
0.97681
0.973866
0.970771
0.967522
0.964122
0.960571
0.956869
0.953017
0.949015
0.944864
0.940564
0.936117
0.931522
0.926781
0.921894
0.916861
0.911685
0.906364
0.900901
0.895295
0.889548
0.88366
0.877633
0.871468
0.865164
0.858723
0.852147
0.845435
0.83859
0.831611
0.824501
0.81726
0.809888
0.802388
0.794761
0.787007
0.779127
0.771124
0.762997
0.754749
0.74638
0.737892
0.729285
0.720563
0.711724
0.702772
0.693707
0.684531
0.675244
0.665849
0.656348
0.64674
0.637028
0.627214
0.617298
0.607283
0.597169
0.586959
0.576654
0.566255
0.555765
0.545184
0.534515
0.523759
0.512918
0.501993
0.490986
0.479899
0.468734
0.457492
0.446176
0.434786
0.423325
0.411795
0.400197
0.388534
0.376806
0.365016
0.353166
0.341258
0.329294
0.317275
0.305204
0.293082
0.280912
0.268695
0.256433
0.244129
0.231784
0.2194
0.20698
0.194525
0.182038
0.169521
0.156975
0.144402
0.131806
0.119187
0.106549
0.0938919
0.0812195
0.0685335
0.0558358
0.0431288
0.0304144
0.0176949
0.00497244
-0.00775088
-0.0204729
-0.0331914
-0.0459042
-0.0586093
-0.0713043
-0.0839871
-0.0966556
-0.109308
-0.121941
-0.134553
-0.147142
-0.159706
-0.172243
-0.18475
-0.197225
-0.209666
-0.22207
-0.234437
-0.246763
-0.259046
-0.271284
-0.283475
-0.295617
-0.307708
-0.319745
-0.331726
-0.34365
-0.355513
-0.367315
-0.379052
-0.390723
-0.402325
-0.413857
-0.425317
-0.436701
-0.448009
-0.459238
-0.470386
-0.481452
-0.492432
-0.503326
-0.51413
-0.524844
-0.535464
-0.54599
-0.556419
-0.566749
-0.576979
-0.587106
-0.597129
-0.607045
-0.616853
-0.626551
-0.636137
-0.64561
-0.654968
-0.664208
-0.673329
-0.68233
-0.691208
-0.699963
-0.708592
-0.717093
-0.725466
-0.733708
-0.741818
-0.749795
-0.757637
-0.765342
-0.772908
-0.780336
-0.787622
-0.794766
-0.801767
-0.808622
-0.815331
-0.821892
-0.828305
-0.834567
-0.840678
-0.846636
-0.852441
-0.85809
-0.863584
-0.868921
-0.8741
-0.87912
-0.88398
-0.888678
-0.893216
-0.89759
-0.901801
-0.905847
-0.909728
-0.913443
-0.916992
-0.920373
-0.923586
-0.926631
-0.929506
-0.932212
-0.934747
-0.937111
-0.939304
-0.941326
-0.943175
-0.944852
-0.946356
-0.947687
-0.948845
-0.949829
-0.95064
-0.951276
-0.951739
-0.952027
-0.952142
-0.952082
-0.951848
-0.95144
-0.950858
-0.950102
-0.949172
-0.948069
-0.946792
-0.945343
-0.943721
-0.941926
-0.939959
-0.93782
-0.935511
-0.93303
-0.930379
-0.927559
-0.924569
-0.92141
-0.918084
-0.91459
-0.910929
-0.907103
-0.903111
-0.898955
-0.894635
-0.890153
-0.885509
-0.880704
-0.875739
-0.870614
-0.865332
-0.859893
-0.854298
-0.848548
-0.842644
-0.836588
-0.83038
-0.824022
-0.817516
-0.810861
-0.80406
-0.797114
-0.790024
-0.782792
-0.775419
-0.767906
-0.760255
-0.752467
-0.744544
-0.736488
-0.728299
-0.71998
-0.711532
-0.702956
-0.694254
-0.685429
-0.676481
-0.667412
-0.658224
-0.648919
-0.639498
-0.629963
-0.620317
-0.61056
-0.600694
-0.590723
-0.580646
-0.570467
-0.560186
-0.549807
-0.539331
-0.528759
-0.518094
-0.507338
-0.496492
-0.485559
-0.474541
-0.46344
-0.452257
-0.440995
-0.429656
-0.418241
-0.406754
-0.395195
-0.383568
-0.371874
-0.360115
-0.348293
-0.336411
-0.324471
-0.312474
-0.300423
-0.28832
-0.276167
-0.263967
-0.251721
-0.239431
-0.227101
-0.214731
-0.202324
-0.189883
-0.177409
-0.164905
-0.152372
-0.139814
-0.127231
-0.114627
-0.102003
-0.0893618
-0.0767055
-0.0640361
-0.0513558
-0.0386668
-0.0259713
-0.0132713
-0.000569104
0.0121332
0.0248334
0.0375295
0.0502193
0.0629006
0.0755713
0.0882294
0.100873
0.113499
0.126106
0.138693
0.151256
0.163794
0.176304
0.188785
0.201235
0.213651
0.226032
0.238376
0.25068
0.262942
0.275161
0.287334
0.29946
0.311537
0.323562
0.335534
0.34745
0.35931
0.371111
0.382851
0.394528
0.40614
0.417686
0.429164
0.440571
0.451907
0.463169
0.474356
0.485466
0.496496
0.507446
0.518314
0.529097
0.539795
0.550406
0.560927
0.571358
0.581696
0.591941
0.60209
0.612142
0.622096
0.631949
0.641701
0.65135
0.660894
0.670333
0.679664
0.688886
0.697997
0.706997
0.715885
0.724657
0.733314
0.741855
0.750277
0.758579
0.76676
0.77482
0.782757
0.790569
0.798255
0.805815
0.813247
0.82055
0.827723
0.834764
0.841674
0.848451
0.855093
0.8616
0.867972
0.874206
0.880302
0.886259
0.892076
0.897753
0.903289
0.908682
0.913932
0.919038
0.924
0.928816
0.933487
0.938011
0.942387
0.946615
0.950695
0.954626
0.958406
0.962037
0.965516
0.968845
0.972021
0.975045
0.977916
0.980634
0.983198
0.985609
0.987865
0.989967
0.991913
0.993704
0.99534
0.99682
0.998145
0.999312
1.00032
1.00118
1.00188
1.00242
1.0028
1.00303
1.0031
1.00302
1.00278
1.00238
1.00182
1.00111
1.00024
0.999212
0.99803
0.996691
0.995197
0.993546
0.99174
0.989779
0.987663
0.985392
0.982966
0.980387
0.977654
0.974767
0.971728
0.968536
0.965192
0.961697
0.958051
0.954254
0.950307
0.946211
0.941966
0.937573
0.933033
0.928346
0.923512
0.918533
0.91341
0.908142
0.902731
0.897178
0.891483
0.885647
0.879672
0.873557
0.867304
0.860914
0.854388
0.847726
0.84093
0.834
0.826939
0.819746
0.812422
0.80497
0.79739
0.789682
0.781849
0.773892
0.765811
0.757608
0.749283
0.74084
0.732277
0.723598
0.714803
0.705893
0.69687
0.687736
0.678491
0.669137
0.659675
0.650107
0.640435
0.630659
0.620782
0.610804
0.600728
0.590555
0.580286
0.569923
0.559468
0.548922
0.538287
0.527565
0.516756
0.505864
0.494889
0.483834
0.4727
0.461488
0.450201
0.438841
0.427408
0.415906
0.404335
0.392698
0.380996
0.369232
0.357407
0.345522
0.333581
0.321585
0.309536
0.297436
0.285286
0.273089
0.260847
0.248561
0.236234
0.223868
0.211464
0.199025
0.186553
0.17405
0.161518
0.148959
0.136375
0.123767
0.11114
0.098493
0.0858299
0.0731523
0.0604624
0.0477623
0.0350541
0.02234
0.0096222
-0.00309728
-0.0158162
-0.0285325
-0.0412439
-0.0539483
-0.0666434
-0.0793273
-0.0919975
-0.104652
-0.117289
-0.129905
-0.1425
-0.15507
-0.167613
-0.180127
-0.192611
-0.205061
-0.217476
-0.229853
-0.242191
-0.254487
-0.266739
-0.278944
-0.291102
-0.303208
-0.315262
-0.327262
-0.339204
-0.351087
-0.362909
-0.374668
-0.386361
-0.397987
-0.409543
-0.421027
-0.432437
-0.443772
-0.455029
-0.466205
-0.4773
-0.48831
-0.499235
-0.510071
-0.520817
-0.531472
-0.542032
-0.552496
-0.562863
-0.57313
-0.583295
-0.593356
-0.603312
-0.613161
-0.6229
-0.632529
-0.642044
-0.651446
-0.66073
-0.669897
-0.678944
-0.68787
-0.696672
-0.70535
-0.713901
-0.722324
-0.730617
-0.738779
-0.746809
-0.754704
-0.762463
-0.770084
-0.777567
-0.78491
-0.792111
-0.799169
-0.806083
-0.812851
-0.819472
-0.825945
-0.832269
-0.838441
-0.844462
-0.85033
-0.856043
-0.861602
-0.867003
-0.872248
-0.877334
-0.88226
-0.887026
-0.891631
-0.896074
-0.900353
-0.904469
-0.90842
-0.912205
-0.915825
-0.919277
-0.922562
-0.925678
-0.928626
-0.931405
-0.934013
-0.936451
-0.938718
-0.940814
-0.942737
-0.944489
-0.946068
-0.947475
-0.948708
-0.949768
-0.950655
-0.951368
-0.951907
-0.952272
-0.952463
-0.95248
-0.952323
-0.951992
-0.951487
-0.950809
-0.949956
-0.948931
-0.947731
-0.946359
-0.944814
-0.943097
-0.941207
-0.939146
-0.936913
-0.93451
-0.931936
-0.929192
-0.926278
-0.923196
-0.919946
-0.916528
-0.912943
-0.909192
-0.905275
-0.901194
-0.896949
-0.892541
-0.887971
-0.883239
-0.878347
-0.873296
-0.868086
-0.862719
-0.857196
-0.851517
-0.845684
-0.839698
-0.83356
-0.827271
-0.820833
-0.814246
-0.807513
-0.800634
-0.79361
-0.786443
-0.779135
-0.771687
-0.7641
-0.756375
-0.748515
-0.74052
-0.732392
-0.724133
-0.715744
-0.707227
-0.698584
-0.689816
-0.680924
-0.671911
-0.662778
-0.653527
-0.644159
-0.634677
-0.625082
-0.615375
-0.60556
-0.595637
-0.585608
-0.575476
-0.565242
-0.554908
-0.544476
-0.533947
-0.523325
-0.51261
-0.501805
-0.490912
-0.479932
-0.468868
-0.457722
-0.446495
-0.435191
-0.42381
-0.412355
-0.400828
-0.389231
-0.377567
-0.365836
-0.354042
-0.342186
-0.330271
-0.318298
-0.306271
-0.29419
-0.282058
-0.269878
-0.257651
-0.24538
-0.233066
-0.220712
-0.20832
-0.195892
-0.183431
-0.170938
-0.158416
-0.145867
-0.133293
-0.120696
-0.108079
-0.0954431
-0.082791
-0.0701248
-0.0574466
-0.0447588
-0.0320633
-0.0193624
-0.00665816
0.00604717
0.0187515
0.0314526
0.0441484
0.0568368
0.0695157
0.0821828
0.0948362
0.107474
0.120093
0.132692
0.145269
0.157822
0.170349
0.182847
0.195315
0.20775
0.22015
0.232514
0.24484
0.257124
0.269367
0.281564
0.293715
0.305818
0.31787
0.32987
0.341815
0.353704
0.365535
0.377306
0.389015
0.40066
0.41224
0.423752
0.435194
0.446566
0.457865
0.469089
0.480236
0.491306
0.502295
0.513203
0.524028
0.534767
0.54542
0.555984
0.566459
0.576842
0.587131
0.597326
0.607424
0.617425
0.627325
0.637125
0.646823
0.656416
0.665904
0.675285
0.684558
0.693721
0.702773
0.711712
0.720538
0.729248
0.737842
0.746318
0.754675
0.762912
0.771027
0.779019
0.786887
0.79463
0.802247
0.809736
0.817097
0.824328
0.831428
0.838397
0.845233
0.851934
0.858501
0.864932
0.871227
0.877383
0.883401
0.889279
0.895018
0.900614
0.906069
0.911381
0.916549
0.921573
0.926452
0.931185
0.935771
0.94021
0.944502
0.948644
0.952638
0.956482
0.960176
0.963719
0.96711
0.97035
0.973438
0.976373
0.979154
0.981782
0.984257
0.986577
0.988742
0.990752
0.992607
0.994306
0.99585
0.997238
0.998469
0.999544
1.00046
1.00122
1.00183
1.00228
1.00257
1.0027
1.00268
1.0025
1.00216
1.00167
1.00102
1.00021
0.999247
0.998126
0.996849
0.995415
0.993826
0.992081
0.99018
0.988124
0.985913
0.983548
0.981028
0.978354
0.975527
0.972546
0.969413
0.966127
0.96269
0.959102
0.955362
0.951473
0.947434
0.943245
0.938908
0.934424
0.929792
0.925014
0.92009
0.91502
0.909807
0.90445
0.89895
0.893308
0.887524
0.881601
0.875538
0.869336
0.862997
0.856521
0.84991
0.843163
0.836283
0.82927
0.822125
0.81485
0.807445
0.799912
0.792251
0.784464
0.776552
0.768516
0.760357
0.752077
0.743677
0.735158
0.726521
0.717768
0.7089
0.699918
0.690824
0.681619
0.672304
0.662882
0.653352
0.643718
0.633979
0.624139
0.614197
0.604157
0.594018
0.583784
0.573455
0.563033
0.55252
0.541917
0.531226
0.520448
0.509586
0.498641
0.487615
0.476509
0.465325
0.454065
0.442731
0.431325
0.419847
0.408301
0.396688
0.38501
0.373268
0.361465
0.349602
0.337682
0.325706
0.313676
0.301594
0.289462
0.277282
0.265057
0.252787
0.240475
0.228124
0.215734
0.203308
0.190849
0.178357
0.165836
0.153287
0.140712
0.128114
0.115494
0.102855
0.0901982
0.0775265
0.0648418
0.0521461
0.0394416
0.0267304
0.0140148
0.00129672
-0.0114216
-0.0241379
-0.0368501
-0.0495561
-0.0622536
-0.0749405
-0.0876147
-0.100274
-0.112916
-0.125539
-0.13814
-0.150718
-0.163269
-0.175793
-0.188287
-0.200748
-0.213174
-0.225564
-0.237915
-0.250225
-0.262491
-0.274713
-0.286886
-0.29901
-0.311082
-0.3231
-0.335062
-0.346965
-0.358808
-0.370589
-0.382304
-0.393953
-0.405534
-0.417043
-0.428479
-0.43984
-0.451124
-0.462329
-0.473452
-0.484492
-0.495447
-0.506315
-0.517093
-0.52778
-0.538374
-0.548872
-0.559274
-0.569576
-0.579778
-0.589877
-0.599871
-0.609758
-0.619537
-0.629206
-0.638763
-0.648206
-0.657533
-0.666743
-0.675834
-0.684804
-0.693652
-0.702376
-0.710974
-0.719444
-0.727786
-0.735996
-0.744075
-0.75202
-0.75983
-0.767504
-0.775039
-0.782434
-0.789689
-0.796801
-0.80377
-0.810593
-0.81727
-0.8238
-0.83018
-0.836411
-0.84249
-0.848416
-0.854189
-0.859808
-0.86527
-0.870576
-0.875723
-0.880712
-0.885541
-0.890209
-0.894715
-0.899059
-0.903239
-0.907255
-0.911106
-0.914791
-0.91831
-0.921661
-0.924845
-0.92786
-0.930706
-0.933383
-0.93589
-0.938226
-0.940391
-0.942384
-0.944206
-0.945855
-0.947332
-0.948636
-0.949767
-0.950725
-0.951509
-0.95212
-0.952557
-0.95282
-0.952909
-0.952824
-0.952566
-0.952134
-0.951528
-0.950748
-0.949795
-0.948669
-0.94737
-0.945898
-0.944253
-0.942437
-0.940448
-0.938289
-0.935958
-0.933457
-0.930786
-0.927945
-0.924935
-0.921757
-0.918412
-0.914899
-0.91122
-0.907376
-0.903366
-0.899192
-0.894856
-0.890356
-0.885695
-0.880874
-0.875893
-0.870753
-0.865455
-0.860001
-0.854391
-0.848626
-0.842708
-0.836638
-0.830416
-0.824045
-0.817525
-0.810857
-0.804043
-0.797085
-0.789983
-0.782738
-0.775353
-0.767829
-0.760167
-0.752368
-0.744434
-0.736367
-0.728168
-0.719839
-0.711381
-0.702795
-0.694084
-0.685249
-0.676292
-0.667214
-0.658018
-0.648704
-0.639275
-0.629732
-0.620077
-0.610313
-0.60044
-0.59046
-0.580376
-0.57019
-0.559903
-0.549516
-0.539033
-0.528455
-0.517783
-0.507021
-0.496169
-0.48523
-0.474206
-0.463099
-0.451911
-0.440643
-0.429298
-0.417879
-0.406386
-0.394823
-0.38319
-0.371491
-0.359727
-0.347901
-0.336014
-0.324069
-0.312068
-0.300013
-0.287906
-0.275749
-0.263544
-0.251294
-0.239001
-0.226667
-0.214293
-0.201883
-0.189438
-0.176961
-0.164453
-0.151917
-0.139355
-0.126769
-0.114162
-0.101535
-0.0888912
-0.076232
-0.0635599
-0.0508769
-0.0381853
-0.0254873
-0.0127849
-8.04027e-005
0.0126241
0.0253265
0.0380247
0.0507164
0.0633996
0.0760721
0.0887318
0.101377
0.114005
0.126613
0.139201
0.151765
0.164304
0.176816
0.189298
0.201748
0.214165
0.226546
0.23889
0.251194
0.263457
0.275675
0.287849
0.299974
0.31205
0.324075
0.336046
0.347962
0.35982
0.37162
0.383358
0.395034
0.406644
0.418188
0.429664
0.441069
0.452403
0.463662
0.474846
0.485952
0.49698
0.507926
0.51879
0.52957
0.540264
0.55087
0.561387
0.571812
0.582146
0.592385
0.602529
0.612575
0.622523
0.63237
0.642116
0.651758
0.661295
0.670726
0.68005
0.689264
0.698367
0.707359
0.716238
0.725002
0.73365
0.74218
0.750592
0.758885
0.767056
0.775105
0.78303
0.790831
0.798506
0.806054
0.813474
0.820764
0.827924
0.834953
0.841849
0.848612
0.85524
0.861733
0.868089
0.874308
0.880389
0.886331
0.892132
0.897793
0.903311
0.908687
0.91392
0.919009
0.923952
0.928751
0.933402
0.937907
0.942264
0.946473
0.950532
0.954443
0.958203
0.961812
0.96527
0.968577
0.971731
0.974733
0.977582
0.980277
0.982818
0.985205
0.987437
0.989515
0.991437
0.993203
0.994814
0.996269
0.997568
0.99871
0.999695
1.00052
1.0012
1.00171
1.00207
1.00227
1.00231
1.0022
1.00193
1.0015
1.00092
1.00017
0.999274
0.998219
0.997007
0.995638
0.994114
0.992433
0.990596
0.988604
0.986457
0.984155
0.981698
0.979088
0.976323
0.973405
0.970333
0.96711
0.963734
0.960206
0.956528
0.952698
0.948719
0.944591
0.940313
0.935887
0.931314
0.926594
0.921727
0.916715
0.911559
0.906258
0.900814
0.895228
0.8895
0.883631
0.877622
0.871475
0.865189
0.858766
0.852206
0.845512
0.838683
0.831721
0.824626
0.817401
0.810045
0.802561
0.794948
0.787209
0.779344
0.771355
0.763242
0.755008
0.746652
0.738178
0.729585
0.720875
0.712049
0.703109
0.694057
0.684892
0.675618
0.666235
0.656744
0.647148
0.637447
0.627644
0.617739
0.607734
0.597631
0.587431
0.577136
0.566747
0.556266
0.545695
0.535036
0.524289
0.513457
0.502541
0.491543
0.480465
0.469308
0.458075
0.446767
0.435385
0.423932
0.41241
0.400819
0.389163
0.377443
0.365661
0.353818
0.341917
0.32996
0.317948
0.305883
0.293768
0.281604
0.269393
0.257138
0.244839
0.232501
0.220123
0.207708
0.195259
0.182778
0.170266
0.157725
0.145158
0.132566
0.119952
0.107318
0.0946665
0.0819986
0.0693169
0.0566234
0.0439204
0.03121
0.0184943
0.00577549
-0.00694434
-0.019663
-0.0323783
-0.0450881
-0.0577903
-0.0704826
-0.0831629
-0.095829
-0.108479
-0.12111
-0.13372
-0.146308
-0.158871
-0.171406
-0.183912
-0.196386
-0.208826
-0.22123
-0.233597
-0.245923
-0.258206
-0.270445
-0.282637
-0.29478
-0.306871
-0.31891
-0.330893
-0.342819
-0.354685
-0.366489
-0.378229
-0.389903
-0.401509
-0.413045
-0.424508
-0.435897
-0.44721
-0.458444
-0.469598
-0.480669
-0.491656
-0.502556
-0.513367
-0.524088
-0.534716
-0.54525
-0.555687
-0.566026
-0.576265
-0.586402
-0.596435
-0.606361
-0.61618
-0.62589
-0.635488
-0.644973
-0.654343
-0.663596
-0.672731
-0.681746
-0.690639
-0.699409
-0.708053
-0.716571
-0.72496
-0.733219
-0.741347
-0.749341
-0.757201
-0.764925
-0.772512
-0.779959
-0.787266
-0.794431
-0.801453
-0.808331
-0.815062
-0.821647
-0.828083
-0.83437
-0.840505
-0.846489
-0.85232
-0.857996
-0.863517
-0.868881
-0.874088
-0.879137
-0.884026
-0.888755
-0.893322
-0.897727
-0.901969
-0.906048
-0.909961
-0.91371
-0.917292
-0.920707
-0.923955
-0.927035
-0.929946
-0.932687
-0.935259
-0.937661
-0.939892
-0.941952
-0.94384
-0.945556
-0.947099
-0.948471
-0.949669
-0.950694
-0.951546
-0.952225
-0.95273
-0.953061
-0.953219
-0.953202
-0.953013
-0.952649
-0.952112
-0.951401
-0.950517
-0.94946
-0.948229
-0.946826
-0.945251
-0.943503
-0.941584
-0.939493
-0.937231
-0.934799
-0.932196
-0.929425
-0.926484
-0.923374
-0.920097
-0.916653
-0.913042
-0.909265
-0.905323
-0.901217
-0.896948
-0.892516
-0.887922
-0.883167
-0.878252
-0.873178
-0.867947
-0.862558
-0.857013
-0.851314
-0.84546
-0.839454
-0.833297
-0.826989
-0.820532
-0.813927
-0.807176
-0.800279
-0.793239
-0.786056
-0.778731
-0.771267
-0.763664
-0.755925
-0.74805
-0.740041
-0.731899
-0.723627
-0.715225
-0.706696
-0.69804
-0.68926
-0.680357
-0.671333
-0.662189
-0.652927
-0.64355
-0.634058
-0.624454
-0.614739
-0.604914
-0.594983
-0.584947
-0.574807
-0.564566
-0.554225
-0.543786
-0.533252
-0.522623
-0.511903
-0.501093
-0.490194
-0.47921
-0.468142
-0.456992
-0.445761
-0.434453
-0.423069
-0.411611
-0.400082
-0.388482
-0.376815
-0.365083
-0.353287
-0.34143
-0.329513
-0.31754
-0.305511
-0.29343
-0.281298
-0.269118
-0.256891
-0.24462
-0.232306
-0.219953
-0.207562
-0.195136
-0.182675
-0.170184
-0.157664
-0.145116
-0.132544
-0.119949
-0.107334
-0.0947006
-0.082051
-0.0693875
-0.0567122
-0.0440272
-0.0313348
-0.0186371
-0.00593627
0.00676558
0.0194663
0.0321637
0.0448557
0.0575401
0.0702149
0.0828779
0.0955269
0.10816
0.120775
0.13337
0.145942
0.15849
0.171012
0.183505
0.195967
0.208397
0.220792
0.233151
0.245471
0.25775
0.269987
0.282179
0.294324
0.306421
0.318467
0.33046
0.342399
0.354282
0.366107
0.377871
0.389574
0.401212
0.412785
0.42429
0.435726
0.447091
0.458382
0.469599
0.48074
0.491802
0.502784
0.513684
0.524501
0.535232
0.545877
0.556434
0.5669
0.577275
0.587556
0.597742
0.607832
0.617824
0.627716
0.637507
0.647195
0.65678
0.666258
0.67563
0.684893
0.694047
0.703089
0.712018
0.720834
0.729534
0.738118
0.746583
0.754929
0.763155
0.771259
0.779241
0.787098
0.794829
0.802435
0.809912
0.817261
0.82448
0.831568
0.838524
0.845347
0.852036
0.85859
0.865008
0.871289
0.877432
0.883436
0.889301
0.895025
0.900607
0.906048
0.911345
0.916498
0.921507
0.926371
0.931088
0.935659
0.940082
0.944357
0.948484
0.952461
0.956288
0.959965
0.963491
0.966865
0.970087
0.973157
0.976074
0.978837
0.981447
0.983902
0.986203
0.988349
0.99034
0.992175
0.993855
0.995379
0.996746
0.997957
0.999011
0.999909
1.00065
1.00123
1.00166
1.00193
1.00204
1.002
1.00179
1.00143
1.00092
1.00024
0.999413
0.998425
0.997281
0.99598
0.994522
0.992909
0.991139
0.989214
0.987133
0.984897
0.982506
0.979961
0.977262
0.974409
0.971402
0.968243
0.964932
0.961468
0.957853
0.954087
0.950171
0.946105
0.941889
0.937525
0.933014
0.928354
0.923549
0.918597
0.9135
0.908259
0.902874
0.897346
0.891676
0.885864
0.879913
0.873822
0.867592
0.861224
0.85472
0.84808
0.841305
0.834397
0.827356
0.820182
0.812879
0.805445
0.797884
0.790195
0.782379
0.774439
0.766375
0.758188
0.74988
0.741452
0.732905
0.72424
0.715459
0.706564
0.697554
0.688433
0.679201
0.669859
0.660409
0.650853
0.641192
0.631427
0.62156
0.611592
0.601526
0.591362
0.581102
0.570748
0.560301
0.549763
0.539135
0.52842
0.517619
0.506733
0.495765
0.484715
0.473587
0.46238
0.451098
0.439742
0.428314
0.416816
0.405249
0.393615
0.381917
0.370156
0.358333
0.346452
0.334513
0.322519
0.310471
0.298372
0.286224
0.274028
0.261786
0.249501
0.237174
0.224808
0.212404
0.199965
0.187492
0.174988
0.162455
0.149895
0.137309
0.1247
0.11207
0.0994219
0.0867566
0.0740766
0.0613842
0.0486814
0.0359703
0.0232532
0.010532
-0.00219084
-0.0149134
-0.0276334
-0.0403487
-0.0530571
-0.0657565
-0.0784447
-0.0911195
-0.103779
-0.11642
-0.129042
-0.141641
-0.154217
-0.166765
-0.179285
-0.191774
-0.204231
-0.216652
-0.229035
-0.241379
-0.253682
-0.26594
-0.278153
-0.290317
-0.302431
-0.314492
-0.326499
-0.338448
-0.350339
-0.362169
-0.373936
-0.385637
-0.397271
-0.408836
-0.420329
-0.431748
-0.443092
-0.454358
-0.465544
-0.476648
-0.487668
-0.498602
-0.509449
-0.520206
-0.53087
-0.541441
-0.551917
-0.562294
-0.572572
-0.582749
-0.592822
-0.60279
-0.61265
-0.622402
-0.632044
-0.641572
-0.650986
-0.660285
-0.669465
-0.678526
-0.687466
-0.696282
-0.704975
-0.71354
-0.721979
-0.730287
-0.738465
-0.74651
-0.754421
-0.762197
-0.769836
-0.777336
-0.784696
-0.791915
-0.798991
-0.805923
-0.81271
-0.81935
-0.825842
-0.832185
-0.838378
-0.844419
-0.850307
-0.856042
-0.861621
-0.867044
-0.872311
-0.877419
-0.882368
-0.887157
-0.891786
-0.896252
-0.900556
-0.904696
-0.908672
-0.912482
-0.916127
-0.919605
-0.922916
-0.92606
-0.929034
-0.93184
-0.934476
-0.936942
-0.939238
-0.941362
-0.943315
-0.945097
-0.946706
-0.948143
-0.949407
-0.950498
-0.951416
-0.95216
-0.952732
-0.953129
-0.953353
-0.953403
-0.95328
-0.952983
-0.952512
-0.951868
-0.951051
-0.95006
-0.948896
-0.94756
-0.946051
-0.94437
-0.942517
-0.940493
-0.938297
-0.935931
-0.933395
-0.930689
-0.927814
-0.92477
-0.921559
-0.91818
-0.914634
-0.910923
-0.907046
-0.903005
-0.8988
-0.894432
-0.889902
-0.885211
-0.88036
-0.875349
-0.87018
-0.864854
-0.859372
-0.853735
-0.847943
-0.841998
-0.835902
-0.829655
-0.823258
-0.816713
-0.810022
-0.803184
-0.796202
-0.789077
-0.781811
-0.774404
-0.766859
-0.759175
-0.751356
-0.743403
-0.735316
-0.727099
-0.718751
-0.710275
-0.701672
-0.692944
-0.684093
-0.67512
-0.666027
-0.656815
-0.647487
-0.638044
-0.628488
-0.61882
-0.609043
-0.599158
-0.589167
-0.579072
-0.568875
-0.558578
-0.548182
-0.53769
-0.527103
-0.516423
-0.505653
-0.494794
-0.483848
-0.472817
-0.461704
-0.45051
-0.439237
-0.427888
-0.416464
-0.404968
-0.393401
-0.381765
-0.370063
-0.358297
-0.346469
-0.334581
-0.322635
-0.310633
-0.298577
-0.28647
-0.274314
-0.26211
-0.249861
-0.237569
-0.225236
-0.212865
-0.200457
-0.188015
-0.175541
-0.163036
-0.150504
-0.137946
-0.125365
-0.112762
-0.10014
-0.0875009
-0.074847
-0.0621805
-0.0495034
-0.0368179
-0.0241263
-0.0114305
0.00126715
