10000
-2.66695
-2.6623
-2.65765
-2.65299
-2.64833
-2.64367
-2.639
-2.63434
-2.62967
-2.62499
-2.62032
-2.61564
-2.61096
-2.60627
-2.60159
-2.5969
-2.59221
-2.58751
-2.58281
-2.57811
-2.57341
-2.56871
-2.564
-2.55929
-2.55458
-2.54986
-2.54514
-2.54042
-2.5357
-2.53097
-2.52624
-2.52151
-2.51678
-2.51204
-2.5073
-2.50256
-2.49782
-2.49307
-2.48832
-2.48357
-2.47882
-2.47406
-2.4693
-2.46454
-2.45977
-2.45501
-2.45024
-2.44546
-2.44069
-2.43591
-2.43113
-2.42635
-2.42157
-2.41678
-2.41199
-2.4072
-2.4024
-2.3976
-2.39281
-2.388
-2.3832
-2.37839
-2.37358
-2.36877
-2.36396
-2.35914
-2.35432
-2.3495
-2.34467
-2.33985
-2.33502
-2.33019
-2.32535
-2.32052
-2.31568
-2.31084
-2.306
-2.30115
-2.2963
-2.29145
-2.2866
-2.28174
-2.27689
-2.27203
-2.26716
-2.2623
-2.25743
-2.25256
-2.24769
-2.24282
-2.23794
-2.23306
-2.22818
-2.2233
-2.21841
-2.21353
-2.20864
-2.20374
-2.19885
-2.19395
-2.18905
-2.18415
-2.17925
-2.17434
-2.16943
-2.16452
-2.15961
-2.1547
-2.14978
-2.14486
-2.13994
-2.13501
-2.13009
-2.12516
-2.12023
-2.1153
-2.11036
-2.10543
-2.10049
-2.09554
-2.0906
-2.08566
-2.08071
-2.07576
-2.07081
-2.06585
-2.06089
-2.05594
-2.05098
-2.04601
-2.04105
-2.03608
-2.03111
-2.02614
-2.02117
-2.01619
-2.01121
-2.00623
-2.00125
-1.99627
-1.99128
-1.98629
-1.9813
-1.97631
-1.97132
-1.96632
-1.96132
-1.95632
-1.95132
-1.94631
-1.94131
-1.9363
-1.93129
-1.92628
-1.92126
-1.91624
-1.91123
-1.9062
-1.90118
-1.89616
-1.89113
-1.8861
-1.88107
-1.87604
-1.871
-1.86597
-1.86093
-1.85589
-1.85085
-1.8458
-1.84076
-1.83571
-1.83066
-1.82561
-1.82055
-1.8155
-1.81044
-1.80538
-1.80032
-1.79526
-1.79019
-1.78512
-1.78006
-1.77498
-1.76991
-1.76484
-1.75976
-1.75468
-1.7496
-1.74452
-1.73944
-1.73435
-1.72926
-1.72418
-1.71908
-1.71399
-1.7089
-1.7038
-1.6987
-1.6936
-1.6885
-1.6834
-1.67829
-1.67319
-1.66808
-1.66297
-1.65785
-1.65274
-1.64763
-1.64251
-1.63739
-1.63227
-1.62715
-1.62202
-1.61689
-1.61177
-1.60664
-1.60151
-1.59637
-1.59124
-1.5861
-1.58097
-1.57583
-1.57069
-1.56554
-1.5604
-1.55525
-1.5501
-1.54495
-1.5398
-1.53465
-1.5295
-1.52434
-1.51918
-1.51402
-1.50886
-1.5037
-1.49854
-1.49337
-1.48821
-1.48304
-1.47787
-1.4727
-1.46752
-1.46235
-1.45717
-1.45199
-1.44681
-1.44163
-1.43645
-1.43127
-1.42608
-1.42089
-1.4157
-1.41051
-1.40532
-1.40013
-1.39494
-1.38974
-1.38454
-1.37934
-1.37414
-1.36894
-1.36374
-1.35853
-1.35333
-1.34812
-1.34291
-1.3377
-1.33249
-1.32728
-1.32206
-1.31684
-1.31163
-1.30641
-1.30119
-1.29597
-1.29074
-1.28552
-1.28029
-1.27507
-1.26984
-1.26461
-1.25938
-1.25414
-1.24891
-1.24367
-1.23844
-1.2332
-1.22796
-1.22272
-1.21748
-1.21224
-1.20699
-1.20174
-1.1965
-1.19125
-1.186
-1.18075
-1.1755
-1.17024
-1.16499
-1.15973
-1.15448
-1.14922
-1.14396
-1.1387
-1.13344
-1.12817
-1.12291
-1.11764
-1.11238
-1.10711
-1.10184
-1.09657
-1.0913
-1.08602
-1.08075
-1.07548
-1.0702
-1.06492
-1.05964
-1.05436
-1.04908
-1.0438
-1.03852
-1.03323
-1.02795
-1.02266
-1.01738
-1.01209
-1.0068
-1.00151
-0.996215
-0.990923
-0.985629
-0.980334
-0.975038
-0.969741
-0.964443
-0.959143
-0.953843
-0.948542
-0.94324
-0.937937
-0.932632
-0.927327
-0.922021
-0.916713
-0.911405
-0.906096
-0.900786
-0.895475
-0.890162
-0.884849
-0.879535
-0.87422
-0.868904
-0.863587
-0.858269
-0.85295
-0.847631
-0.84231
-0.836989
-0.831666
-0.826343
-0.821018
-0.815693
-0.810367
-0.80504
-0.799713
-0.794384
-0.789054
-0.783724
-0.778393
-0.773061
-0.767728
-0.762394
-0.757059
-0.751724
-0.746388
-0.741051
-0.735713
-0.730374
-0.725035
-0.719695
-0.714354
-0.709012
-0.703669
-0.698326
-0.692982
-0.687637
-0.682291
-0.676945
-0.671598
-0.66625
-0.660901
-0.655552
-0.650202
-0.644851
-0.6395
-0.634148
-0.628795
-0.623442
-0.618087
-0.612733
-0.607377
-0.602021
-0.596664
-0.591307
-0.585948
-0.58059
-0.57523
-0.56987
-0.564509
-0.559148
-0.553786
-0.548424
-0.543061
-0.537697
-0.532333
-0.526968
-0.521602
-0.516236
-0.51087
-0.505502
-0.500135
-0.494766
-0.489398
-0.484028
-0.478658
-0.473288
-0.467917
-0.462545
-0.457173
-0.451801
-0.446428
-0.441055
-0.435681
-0.430306
-0.424931
-0.419556
-0.41418
-0.408804
-0.403427
-0.39805
-0.392672
-0.387294
-0.381916
-0.376537
-0.371157
-0.365778
-0.360398
-0.355017
-0.349636
-0.344255
-0.338873
-0.333491
-0.328108
-0.322726
-0.317343
-0.311959
-0.306575
-0.301191
-0.295806
-0.290421
-0.285036
-0.279651
-0.274265
-0.268879
-0.263492
-0.258106
-0.252719
-0.247331
-0.241944
-0.236556
-0.231168
-0.22578
-0.220391
-0.215002
-0.209613
-0.204224
-0.198834
-0.193444
-0.188054
-0.182664
-0.177274
-0.171883
-0.166492
-0.161101
-0.15571
-0.150319
-0.144927
-0.139536
-0.134144
-0.128752
-0.12336
-0.117968
-0.112575
-0.107183
-0.10179
-0.0963973
-0.0910044
-0.0856115
-0.0802184
-0.0748253
-0.069432
-0.0640387
-0.0586453
-0.0532519
-0.0478584
-0.0424648
-0.0370712
-0.0316775
-0.0262838
-0.0208901
-0.0154963
-0.0101026
-0.00470878
0.000685012
0.00607881
0.0114726
0.0168664
0.0222601
0.0276539
0.0330476
0.0384412
0.0438349
0.0492285
0.054622
0.0600155
0.0654089
0.0708022
0.0761954
0.0815886
0.0869817
0.0923747
0.0977676
0.10316
0.108553
0.113946
0.119338
0.12473
0.130122
0.135514
0.140906
0.146298
0.151689
0.157081
0.162472
0.167863
0.173254
0.178644
0.184035
0.189425
0.194815
0.200205
0.205594
0.210984
0.216373
0.221762
0.22715
0.232539
0.237927
0.243315
0.248702
0.25409
0.259477
0.264863
0.27025
0.275636
0.281022
0.286407
0.291792
0.297177
0.302561
0.307946
0.313329
0.318713
0.324096
0.329479
0.334861
0.340243
0.345625
0.351006
0.356387
0.361767
0.367147
0.372527
0.377906
0.383285
0.388663
0.394041
0.399418
0.404795
0.410172
0.415548
0.420923
0.426299
0.431673
0.437047
0.442421
0.447794
0.453167
0.458539
0.46391
0.469282
0.474652
0.480022
0.485392
0.49076
0.496129
0.501497
0.506864
0.512231
0.517597
0.522962
0.528327
0.533691
0.539055
0.544418
0.54978
0.555142
0.560503
0.565864
0.571224
0.576583
0.581942
0.5873
0.592657
0.598014
0.603369
0.608725
0.614079
0.619433
0.624786
0.630139
0.63549
0.640841
0.646191
0.651541
0.65689
0.662238
0.667585
0.672931
0.678277
0.683622
0.688966
0.69431
0.699652
0.704994
0.710335
0.715675
0.721014
0.726353
0.73169
0.737027
0.742363
0.747698
0.753033
0.758366
0.763699
0.76903
0.774361
0.779691
0.78502
0.790348
0.795675
0.801001
0.806327
0.811651
0.816974
0.822297
0.827619
0.832939
0.838259
0.843578
0.848895
0.854212
0.859528
0.864843
0.870156
0.875469
0.880781
0.886092
0.891401
0.89671
0.902018
0.907324
0.91263
0.917934
0.923238
0.92854
0.933841
0.939142
0.944441
0.949739
0.955036
0.960332
0.965626
0.97092
0.976212
0.981504
0.986794
0.992083
0.997371
1.00266
1.00794
1.01323
1.01851
1.02379
1.02907
1.03435
1.03963
1.04491
1.05018
1.05546
1.06073
1.06601
1.07128
1.07655
1.08182
1.08708
1.09235
1.09761
1.10288
1.10814
1.1134
1.11866
1.12392
1.12918
1.13443
1.13969
1.14494
1.15019
1.15544
1.16069
1.16594
1.17118
1.17643
1.18167
1.18691
1.19215
1.19739
1.20263
1.20787
1.2131
1.21834
1.22357
1.2288
1.23403
1.23926
1.24448
1.24971
1.25493
1.26015
1.26538
1.27059
1.27581
1.28103
1.28624
1.29146
1.29667
1.30188
1.30709
1.31229
1.3175
1.3227
1.3279
1.33311
1.3383
1.3435
1.3487
1.35389
1.35909
1.36428
1.36947
1.37465
1.37984
1.38503
1.39021
1.39539
1.40057
1.40575
1.41092
1.4161
1.42127
1.42644
1.43161
1.43678
1.44195
1.44711
1.45228
1.45744
1.4626
1.46775
1.47291
1.47806
1.48322
1.48837
1.49352
1.49866
1.50381
1.50895
1.51409
1.51923
1.52437
1.52951
1.53464
1.53978
1.54491
1.55004
1.55516
1.56029
1.56541
1.57053
1.57565
1.58077
1.58589
1.591
1.59612
1.60123
1.60633
1.61144
1.61655
1.62165
1.62675
1.63185
1.63694
1.64204
1.64713
1.65222
1.65731
1.6624
1.66748
1.67257
1.67765
1.68273
1.6878
1.69288
1.69795
1.70302
1.70809
1.71316
1.71822
1.72329
1.72835
1.73341
1.73846
1.74352
1.74857
1.75362
1.75867
1.76371
1.76876
1.7738
1.77884
1.78388
1.78891
1.79394
1.79898
1.804
1.80903
1.81406
1.81908
1.8241
1.82912
1.83413
1.83915
1.84416
1.84917
1.85417
1.85918
1.86418
1.86918
1.87418
1.87917
1.88417
1.88916
1.89415
1.89913
1.90412
1.9091
1.91408
1.91906
1.92403
1.929
1.93397
1.93894
1.94391
1.94887
1.95383
1.95879
1.96375
1.9687
1.97365
1.9786
1.98355
1.98849
1.99343
1.99837
2.00331
2.00824
2.01318
2.01811
2.02303
2.02796
2.03288
2.0378
2.04272
2.04763
2.05255
2.05746
2.06236
2.06727
2.07217
2.07707
2.08197
2.08686
2.09175
2.09664
2.10153
2.10642
2.1113
2.11618
2.12105
2.12593
2.1308
2.13567
2.14054
2.1454
2.15026
2.15512
2.15997
2.16483
2.16968
2.17453
2.17937
2.18421
2.18906
2.19389
2.19873
2.20356
2.20839
2.21321
2.21804
2.22286
2.22768
2.23249
2.23731
2.24212
2.24692
2.25173
2.25653
2.26133
2.26613
2.27092
2.27571
2.2805
2.28528
2.29007
2.29485
2.29962
2.3044
2.30917
2.31394
2.3187
2.32346
2.32822
2.33298
2.33773
2.34248
2.34723
2.35198
2.35672
2.36146
2.3662
2.37093
2.37566
2.38039
2.38511
2.38983
2.39455
2.39927
2.40398
2.40869
2.4134
2.4181
2.4228
2.4275
2.4322
2.43689
2.44158
2.44626
2.45095
2.45563
2.4603
2.46498
2.46965
2.47432
2.47898
2.48364
2.4883
2.49296
2.49761
2.50226
2.5069
2.51155
2.51619
2.52082
2.52546
2.53009
2.53471
2.53934
2.54396
2.54858
2.55319
2.5578
2.56241
2.56701
2.57162
2.57621
2.58081
2.5854
2.58999
2.59458
2.59916
2.60374
2.60831
2.61289
2.61745
2.62202
2.62658
2.63114
2.6357
2.64025
2.6448
2.64935
2.65389
2.65843
2.66297
2.6675
2.67203
2.67655
2.68108
2.6856
2.69011
2.69463
2.69913
2.70364
2.70814
2.71264
2.71714
2.72163
2.72612
2.7306
2.73509
2.73956
2.74404
2.74851
2.75298
2.75744
2.7619
2.76636
2.77082
2.77527
2.77971
2.78416
2.7886
2.79303
2.79747
2.8019
2.80632
2.81075
2.81516
2.81958
2.82399
2.8284
2.8328
2.83721
2.8416
2.846
2.85039
2.85477
2.85916
2.86354
2.86791
2.87228
2.87665
2.88102
2.88538
2.88974
2.89409
2.89844
2.90279
2.90713
2.91147
2.9158
2.92013
2.92446
2.92879
2.93311
2.93742
2.94174
2.94604
2.95035
2.95465
2.95895
2.96324
2.96753
2.97182
2.9761
2.98038
2.98466
2.98893
2.9932
2.99746
3.00172
3.00597
3.01023
3.01447
3.01872
3.02296
3.0272
3.03143
3.03566
3.03988
3.0441
3.04832
3.05253
3.05674
3.06095
3.06515
3.06935
3.07354
3.07773
3.08192
3.0861
3.09028
3.09445
3.09862
3.10278
3.10695
3.1111
3.11526
3.11941
3.12355
3.12769
3.13183
3.13597
3.1401
3.14422
3.14834
3.15246
3.15657
3.16068
3.16479
3.16889
3.17298
3.17708
3.18117
3.18525
3.18933
3.19341
3.19748
3.20155
3.20561
3.20967
3.21373
3.21778
3.22183
3.22587
3.22991
3.23394
3.23797
3.242
3.24602
3.25004
3.25405
3.25806
3.26207
3.26607
3.27006
3.27406
3.27804
3.28203
3.28601
3.28998
3.29395
3.29792
3.30188
3.30584
3.30979
3.31374
3.31769
3.32163
3.32557
3.3295
3.33343
3.33735
3.34127
3.34518
3.34909
3.353
3.3569
3.3608
3.36469
3.36858
3.37246
3.37634
3.38022
3.38409
3.38795
3.39181
3.39567
3.39952
3.40337
3.40722
3.41106
3.41489
3.41872
3.42255
3.42637
3.43018
3.434
3.4378
3.44161
3.44541
3.4492
3.45299
3.45678
3.46056
3.46433
3.4681
3.47187
3.47563
3.47939
3.48314
3.48689
3.49064
3.49437
3.49811
3.50184
3.50556
3.50929
3.513
3.51671
3.52042
3.52412
3.52782
3.53151
3.5352
3.53888
3.54256
3.54624
3.54991
3.55357
3.55723
3.56088
3.56454
3.56818
3.57182
3.57546
3.57909
3.58272
3.58634
3.58995
3.59357
3.59717
3.60078
3.60438
3.60797
3.61156
3.61514
3.61872
3.62229
3.62586
3.62943
3.63299
3.63654
3.64009
3.64363
3.64717
3.65071
3.65424
3.65776
3.66128
3.6648
3.66831
3.67182
3.67532
3.67881
3.6823
3.68579
3.68927
3.69275
3.69622
3.69968
3.70314
3.7066
3.71005
3.7135
3.71694
3.72038
3.72381
3.72723
3.73065
3.73407
3.73748
3.74089
3.74429
3.74768
3.75108
3.75446
3.75784
3.76122
3.76459
3.76795
3.77131
3.77467
3.77802
3.78137
3.78471
3.78804
3.79137
3.7947
3.79802
3.80133
3.80464
3.80794
3.81124
3.81454
3.81783
3.82111
3.82439
3.82766
3.83093
3.83419
3.83745
3.8407
3.84395
3.84719
3.85043
3.85366
3.85689
3.86011
3.86332
3.86653
3.86974
3.87294
3.87613
3.87932
3.88251
3.88569
3.88886
3.89203
3.89519
3.89835
3.9015
3.90465
3.90779
3.91093
3.91406
3.91718
3.9203
3.92342
3.92653
3.92963
3.93273
3.93582
3.93891
3.942
3.94507
3.94815
3.95121
3.95427
3.95733
3.96038
3.96342
3.96646
3.9695
3.97253
3.97555
3.97857
3.98158
3.98459
3.98759
3.99058
3.99357
3.99656
3.99954
4.00251
4.00548
4.00844
4.0114
4.01435
4.0173
4.02024
4.02318
4.02611
4.02903
4.03195
4.03486
4.03777
4.04067
4.04357
4.04646
4.04935
4.05223
4.0551
4.05797
4.06083
4.06369
4.06654
4.06939
4.07223
4.07506
4.07789
4.08072
4.08353
4.08635
4.08915
4.09195
4.09475
4.09754
4.10032
4.1031
4.10587
4.10864
4.1114
4.11416
4.11691
4.11965
4.12239
4.12512
4.12785
4.13057
4.13329
4.136
4.1387
4.1414
4.14409
4.14678
4.14946
4.15214
4.15481
4.15747
4.16013
4.16278
4.16543
4.16807
4.1707
4.17333
4.17596
4.17857
4.18118
4.18379
4.18639
4.18898
4.19157
4.19416
4.19673
4.1993
4.20187
4.20443
4.20698
4.20953
4.21207
4.2146
4.21713
4.21966
4.22218
4.22469
4.22719
4.22969
4.23219
4.23468
4.23716
4.23964
4.24211
4.24457
4.24703
4.24948
4.25193
4.25437
4.2568
4.25923
4.26166
4.26407
4.26648
4.26889
4.27129
4.27368
4.27607
4.27845
4.28082
4.28319
4.28556
4.28791
4.29026
4.29261
4.29495
4.29728
4.29961
4.30193
4.30424
4.30655
4.30885
4.31115
4.31344
4.31572
4.318
4.32027
4.32254
4.3248
4.32705
4.3293
4.33154
4.33378
4.33601
4.33823
4.34045
4.34266
4.34486
4.34706
4.34925
4.35144
4.35362
4.35579
4.35796
4.36012
4.36228
4.36443
4.36657
4.36871
4.37084
4.37296
4.37508
4.37719
4.3793
4.3814
4.38349
4.38558
4.38766
4.38974
4.39181
4.39387
4.39592
4.39797
4.40002
4.40205
4.40409
4.40611
4.40813
4.41014
4.41215
4.41415
4.41614
4.41813
4.42011
4.42208
4.42405
4.42601
4.42797
4.42992
4.43186
4.4338
4.43573
4.43765
4.43957
4.44148
4.44339
4.44529
4.44718
4.44906
4.45094
4.45282
4.45468
4.45654
4.4584
4.46025
4.46209
4.46392
4.46575
4.46757
4.46939
4.4712
4.473
4.4748
4.47659
4.47837
4.48015
4.48192
4.48369
4.48544
4.4872
4.48894
4.49068
4.49241
4.49414
4.49586
4.49757
4.49928
4.50098
4.50267
4.50436
4.50604
4.50771
4.50938
4.51104
4.5127
4.51434
4.51598
4.51762
4.51925
4.52087
4.52249
4.5241
4.5257
4.52729
4.52888
4.53047
4.53204
4.53361
4.53518
4.53673
4.53828
4.53983
4.54136
4.54289
4.54442
4.54594
4.54745
4.54895
4.55045
4.55194
4.55342
4.5549
4.55637
4.55784
4.5593
4.56075
4.56219
4.56363
4.56506
4.56649
4.5679
4.56932
4.57072
4.57212
4.57351
4.5749
4.57628
4.57765
4.57901
4.58037
4.58172
4.58307
4.58441
4.58574
4.58706
4.58838
4.58969
4.591
4.5923
4.59359
4.59488
4.59615
4.59743
4.59869
4.59995
4.6012
4.60245
4.60368
4.60492
4.60614
4.60736
4.60857
4.60978
4.61097
4.61216
4.61335
4.61453
4.6157
4.61686
4.61802
4.61917
4.62031
4.62145
4.62258
4.62371
4.62482
4.62593
4.62704
4.62813
4.62922
4.63031
4.63138
4.63245
4.63351
4.63457
4.63562
4.63666
4.6377
4.63872
4.63975
4.64076
4.64177
4.64277
4.64377
4.64475
4.64573
4.64671
4.64768
4.64864
4.64959
4.65054
4.65148
4.65241
4.65334
4.65426
4.65517
4.65607
4.65697
4.65787
4.65875
4.65963
4.6605
4.66136
4.66222
4.66307
4.66392
4.66475
4.66558
4.66641
4.66722
4.66803
4.66884
4.66963
4.67042
4.6712
4.67198
4.67274
4.67351
4.67426
4.67501
4.67575
4.67648
4.67721
4.67793
4.67864
4.67935
4.68004
4.68074
4.68142
4.6821
4.68277
4.68344
4.68409
4.68474
4.68539
4.68602
4.68665
4.68727
4.68789
4.6885
4.6891
4.68969
4.69028
4.69086
4.69144
4.692
4.69256
4.69312
4.69366
4.6942
4.69473
4.69526
4.69578
4.69629
4.69679
4.69729
4.69778
4.69826
4.69874
4.6992
4.69967
4.70012
4.70057
4.70101
4.70144
4.70187
4.70229
4.7027
4.70311
4.70351
4.7039
4.70428
4.70466
4.70503
4.7054
4.70575
4.7061
4.70645
4.70678
4.70711
4.70743
4.70775
4.70805
4.70835
4.70865
4.70893
4.70921
4.70948
4.70975
4.71001
4.71026
4.7105
4.71074
4.71097
4.71119
4.71141
4.71161
4.71182
4.71201
4.7122
4.71238
4.71255
4.71272
4.71288
4.71303
4.71317
4.71331
4.71344
4.71357
4.71368
4.71379
4.71389
4.71399
4.71408
4.71416
4.71423
4.7143
4.71436
4.71441
4.71446
4.7145
4.71453
4.71455
4.71457
4.71458
4.71458
4.71458
4.71457
4.71455
4.71452
4.71449
4.71445
4.7144
4.71435
4.71429
4.71422
4.71414
4.71406
4.71397
4.71387
4.71377
4.71366
4.71354
4.71342
4.71328
4.71314
4.713
4.71284
4.71268
4.71251
4.71234
4.71216
4.71197
4.71177
4.71157
4.71136
4.71114
4.71091
4.71068
4.71044
4.7102
4.70994
4.70968
4.70941
4.70914
4.70886
4.70857
4.70827
4.70797
4.70765
4.70734
4.70701
4.70668
4.70634
4.70599
4.70564
4.70528
4.70491
4.70453
4.70415
4.70376
4.70337
4.70296
4.70255
4.70213
4.70171
4.70127
4.70083
4.70039
4.69993
4.69947
4.699
4.69853
4.69805
4.69756
4.69706
4.69656
4.69604
4.69553
4.695
4.69447
4.69393
4.69338
4.69283
4.69226
4.6917
4.69112
4.69054
4.68995
4.68935
4.68875
4.68813
4.68752
4.68689
4.68626
4.68562
4.68497
4.68432
4.68365
4.68298
4.68231
4.68163
4.68094
4.68024
4.67953
4.67882
4.6781
4.67738
4.67664
4.6759
4.67516
4.6744
4.67364
4.67287
4.67209
4.67131
4.67052
4.66972
4.66892
4.66811
4.66729
4.66646
4.66563
4.66479
4.66394
4.66308
4.66222
4.66135
4.66048
4.65959
4.6587
4.6578
4.6569
4.65599
4.65507
4.65414
4.65321
4.65227
4.65132
4.65037
4.6494
4.64843
4.64746
4.64647
4.64548
4.64449
4.64348
4.64247
4.64145
4.64042
4.63939
4.63835
4.6373
4.63625
4.63519
4.63412
4.63304
4.63196
4.63087
4.62977
4.62867
4.62755
4.62643
4.62531
4.62418
4.62304
4.62189
4.62073
4.61957
4.6184
4.61723
4.61604
4.61485
4.61366
4.61245
4.61124
4.61002
4.6088
4.60757
4.60633
4.60508
4.60382
4.60256
4.6013
4.60002
4.59874
4.59745
4.59615
4.59485
4.59354
4.59222
4.5909
4.58956
4.58822
4.58688
4.58553
4.58417
4.5828
4.58142
4.58004
4.57865
4.57726
4.57586
4.57445
4.57303
4.57161
4.57017
4.56874
4.56729
4.56584
4.56438
4.56291
4.56144
4.55996
4.55847
4.55698
4.55548
4.55397
4.55245
4.55093
4.5494
4.54787
4.54632
4.54477
4.54321
4.54165
4.54008
4.5385
4.53691
4.53532
4.53372
4.53211
4.5305
4.52888
4.52725
4.52562
4.52397
4.52233
4.52067
4.51901
4.51734
4.51566
4.51398
4.51229
4.51059
4.50888
4.50717
4.50545
4.50373
4.50199
4.50025
4.49851
4.49675
4.49499
4.49323
4.49145
4.48967
4.48788
4.48609
4.48428
4.48247
4.48066
4.47883
4.477
4.47517
4.47332
4.47147
4.46961
4.46775
4.46588
4.464
4.46211
4.46022
4.45832
4.45641
4.4545
4.45258
4.45065
4.44872
4.44678
4.44483
4.44287
4.44091
4.43894
4.43697
4.43499
4.433
4.431
4.429
4.42699
4.42497
4.42295
4.42092
4.41888
4.41683
4.41478
4.41273
4.41066
4.40859
4.40651
4.40442
4.40233
4.40023
4.39813
4.39601
4.39389
4.39177
4.38963
4.38749
4.38535
4.38319
4.38103
4.37887
4.37669
4.37451
4.37232
4.37013
4.36793
4.36572
4.3635
4.36128
4.35905
4.35682
4.35457
4.35233
4.35007
4.34781
4.34554
4.34326
4.34098
4.33869
4.33639
4.33409
4.33178
4.32946
4.32714
4.32481
4.32247
4.32013
4.31778
4.31542
4.31306
4.31069
4.30831
4.30593
4.30354
4.30114
4.29873
4.29632
4.29391
4.29148
4.28905
4.28661
4.28417
4.28172
4.27926
4.2768
4.27433
4.27185
4.26936
4.26687
4.26437
4.26187
4.25936
4.25684
4.25432
4.25179
4.24925
4.24671
4.24416
4.2416
4.23903
4.23646
4.23389
4.2313
4.22871
4.22612
4.22351
4.2209
4.21829
4.21566
4.21303
4.2104
4.20775
4.2051
4.20245
4.19978
4.19711
4.19444
4.19176
4.18907
4.18637
4.18367
4.18096
4.17825
4.17552
4.1728
4.17006
4.16732
4.16457
4.16182
4.15906
4.15629
4.15352
4.15074
4.14795
4.14516
4.14236
4.13955
4.13674
4.13392
4.1311
4.12826
4.12543
4.12258
4.11973
4.11687
4.11401
4.11114
4.10826
4.10538
4.10249
4.09959
4.09669
4.09378
4.09086
4.08794
4.08501
4.08208
4.07914
4.07619
4.07324
4.07028
4.06731
4.06434
4.06136
4.05837
4.05538
4.05238
4.04938
4.04637
4.04335
4.04033
4.0373
4.03426
4.03122
4.02817
4.02512
4.02205
4.01899
4.01591
4.01283
4.00975
4.00665
4.00355
4.00045
3.99734
3.99422
3.9911
3.98797
3.98483
3.98169
3.97854
3.97538
3.97222
3.96905
3.96588
3.9627
3.95951
3.95632
3.95312
3.94992
3.94671
3.94349
3.94027
3.93704
3.9338
3.93056
3.92731
3.92406
3.9208
3.91753
3.91426
3.91098
3.90769
3.9044
3.90111
3.8978
3.8945
3.89118
3.88786
3.88453
3.8812
3.87786
3.87451
3.87116
3.8678
3.86444
3.86107
3.85769
3.85431
3.85092
3.84753
3.84413
3.84072
3.83731
3.83389
3.83047
3.82704
3.8236
3.82016
3.81671
3.81326
3.8098
3.80633
3.80286
3.79938
3.7959
3.79241
3.78892
3.78541
3.78191
3.77839
3.77487
3.77135
3.76782
3.76428
3.76074
3.75719
3.75363
3.75007
3.74651
3.74294
3.73936
3.73577
3.73218
3.72859
3.72499
3.72138
3.71777
3.71415
3.71052
3.70689
3.70325
3.69961
3.69596
3.69231
3.68865
3.68499
3.68132
3.67764
3.67396
3.67027
3.66657
3.66287
3.65917
3.65546
3.65174
3.64802
3.64429
3.64055
3.63681
3.63307
3.62932
3.62556
3.6218
3.61803
3.61426
3.61048
3.60669
3.6029
3.5991
3.5953
3.59149
3.58768
3.58386
3.58004
3.57621
3.57237
3.56853
3.56468
3.56083
3.55697
3.55311
3.54924
3.54537
3.54149
3.5376
3.53371
3.52981
3.52591
3.522
3.51809
3.51417
3.51024
3.50631
3.50238
3.49844
3.49449
3.49054
3.48658
3.48262
3.47865
3.47468
3.4707
3.46671
3.46272
3.45873
3.45473
3.45072
3.44671
3.44269
3.43867
3.43464
3.43061
3.42657
3.42253
3.41848
3.41442
3.41036
3.4063
3.40223
3.39815
3.39407
3.38999
3.38589
3.3818
3.37769
3.37359
3.36947
3.36536
3.36123
3.3571
3.35297
3.34883
3.34469
3.34054
3.33638
3.33222
3.32806
3.32389
3.31971
3.31553
3.31135
3.30715
3.30296
3.29876
3.29455
3.29034
3.28612
3.2819
3.27767
3.27344
3.2692
3.26496
3.26071
3.25646
3.2522
3.24794
3.24367
3.2394
3.23512
3.23084
3.22655
3.22226
3.21796
3.21366
3.20935
3.20504
3.20072
3.1964
3.19207
3.18773
3.1834
3.17905
3.17471
3.17035
3.166
3.16163
3.15727
3.15289
3.14852
3.14413
3.13975
3.13535
3.13096
3.12656
3.12215
3.11774
3.11332
3.1089
3.10447
3.10004
3.09561
3.09117
3.08672
3.08227
3.07782
3.07336
3.06889
3.06442
3.05995
3.05547
3.05099
3.0465
3.04201
3.03751
3.03301
3.0285
3.02399
3.01947
3.01495
3.01042
3.00589
3.00136
2.99682
2.99227
2.98772
2.98317
2.97861
2.97405
2.96948
2.96491
2.96033
2.95575
2.95116
2.94657
2.94198
2.93738
2.93277
2.92817
2.92355
2.91893
2.91431
2.90968
2.90505
2.90042
2.89578
2.89113
2.88648
2.88183
2.87717
2.87251
2.86784
2.86317
2.85849
2.85381
2.84913
2.84444
2.83974
2.83505
2.83034
2.82564
2.82093
2.81621
2.81149
2.80677
2.80204
2.7973
2.79257
2.78783
2.78308
2.77833
2.77357
2.76882
2.76405
2.75929
2.75451
2.74974
2.74496
2.74017
2.73539
2.73059
2.7258
2.72099
2.71619
2.71138
2.70657
2.70175
2.69693
2.6921
2.68727
2.68244
2.6776
2.67275
2.66791
2.66306
2.6582
2.65334
2.64848
2.64361
2.63874
2.63386
2.62898
2.6241
2.61921
2.61432
2.60943
2.60453
2.59962
2.59472
2.5898
2.58489
2.57997
2.57504
2.57012
2.56519
2.56025
2.55531
2.55037
2.54542
2.54047
2.53551
2.53056
2.52559
2.52063
2.51566
2.51068
2.5057
2.50072
2.49574
2.49075
2.48575
2.48075
2.47575
2.47075
2.46574
2.46073
2.45571
2.45069
2.44567
2.44064
2.43561
2.43057
2.42553
2.42049
2.41545
2.4104
2.40534
2.40028
2.39522
2.39016
2.38509
2.38002
2.37494
2.36986
2.36478
2.3597
2.35461
2.34951
2.34441
2.33931
2.33421
2.3291
2.32399
2.31888
2.31376
2.30863
2.30351
2.29838
2.29325
2.28811
2.28297
2.27783
2.27268
2.26753
2.26238
2.25722
2.25206
2.2469
2.24173
2.23656
2.23139
2.22621
2.22103
2.21584
2.21066
2.20546
2.20027
2.19507
2.18987
2.18467
2.17946
2.17425
2.16903
2.16382
2.1586
2.15337
2.14814
2.14291
2.13768
2.13244
2.1272
2.12196
2.11671
2.11146
2.10621
2.10095
2.09569
2.09043
2.08516
2.07989
2.07462
2.06935
2.06407
2.05879
2.0535
2.04821
2.04292
2.03763
2.03233
2.02703
2.02173
2.01642
2.01111
2.0058
2.00048
1.99516
1.98984
1.98452
1.97919
1.97386
1.96852
1.96319
1.95785
1.95251
1.94716
1.94181
1.93646
1.93111
1.92575
1.92039
1.91502
1.90966
1.90429
1.89892
1.89354
1.88817
1.88279
1.8774
1.87202
1.86663
1.86124
1.85584
1.85044
1.84504
1.83964
1.83424
1.82883
1.82342
1.818
1.81259
1.80717
1.80175
1.79632
1.79089
1.78546
1.78003
1.7746
1.76916
1.76372
1.75827
1.75283
1.74738
1.74193
1.73647
1.73102
1.72556
1.7201
1.71463
1.70916
1.70369
1.69822
1.69275
1.68727
1.68179
1.67631
1.67082
1.66534
1.65985
1.65435
1.64886
1.64336
1.63786
1.63236
1.62686
1.62135
1.61584
1.61033
1.60481
1.5993
1.59378
1.58826
1.58273
1.57721
1.57168
1.56615
1.56062
1.55508
1.54954
1.544
1.53846
1.53291
1.52737
1.52182
1.51627
1.51071
1.50516
1.4996
1.49404
1.48848
1.48291
1.47734
1.47177
1.4662
1.46063
1.45505
1.44947
1.44389
1.43831
1.43273
1.42714
1.42155
1.41596
1.41037
1.40477
1.39918
1.39358
1.38797
1.38237
1.37677
1.37116
1.36555
1.35994
1.35432
1.34871
1.34309
1.33747
1.33185
1.32623
1.3206
1.31497
1.30934
1.30371
1.29808
1.29244
1.28681
1.28117
1.27553
1.26988
1.26424
1.25859
1.25294
1.24729
1.24164
1.23599
1.23033
1.22467
1.21901
1.21335
1.20769
1.20202
1.19636
1.19069
1.18502
1.17935
1.17367
1.168
1.16232
1.15664
1.15096
1.14528
1.13959
1.13391
1.12822
1.12253
1.11684
1.11115
1.10546
1.09976
1.09406
1.08836
1.08266
1.07696
1.07126
1.06555
1.05985
1.05414
1.04843
1.04272
1.03701
1.03129
1.02557
1.01986
1.01414
1.00842
1.0027
0.996973
0.991248
0.985522
0.979794
0.974065
0.968335
0.962603
0.956869
0.951134
0.945398
0.939661
0.933922
0.928181
0.922439
0.916696
0.910952
0.905206
0.899459
0.893711
0.887961
0.88221
0.876458
0.870704
0.864949
0.859193
0.853436
0.847677
0.841917
0.836156
0.830394
0.824631
0.818866
0.8131
0.807333
0.801564
0.795795
0.790024
0.784252
0.77848
0.772705
0.76693
0.761154
0.755376
0.749598
0.743818
0.738038
0.732256
0.726473
0.720689
0.714904
0.709118
0.703331
0.697543
0.691754
0.685963
0.680172
0.67438
0.668587
0.662793
0.656998
0.651202
0.645405
0.639607
0.633808
0.628008
0.622208
0.616406
0.610604
0.6048
0.598996
0.593191
0.587385
0.581578
0.575771
0.569962
0.564153
0.558342
0.552531
0.54672
0.540907
0.535094
0.52928
0.523465
0.517649
0.511833
0.506015
0.500197
0.494379
0.488559
0.482739
0.476919
0.471097
0.465275
0.459452
0.453629
0.447804
0.44198
0.436154
0.430328
0.424501
0.418674
0.412846
0.407017
0.401188
0.395359
0.389528
0.383697
0.377866
0.372034
0.366202
0.360369
0.354535
0.348701
0.342866
0.337031
0.331196
0.32536
0.319523
0.313686
0.307849
0.302011
0.296172
0.290334
0.284495
0.278655
0.272815
0.266975
0.261134
0.255293
0.249451
0.243609
0.237767
0.231924
0.226081
0.220238
0.214395
0.208551
0.202707
0.196862
0.191017
0.185172
0.179327
0.173481
0.167636
0.161789
0.155943
0.150097
0.14425
0.138403
0.132556
0.126708
0.120861
0.115013
0.109165
0.103317
0.097469
0.0916206
0.0857721
0.0799235
0.0740748
0.068226
0.062377
0.056528
0.0506789
0.0448297
0.0389804
0.0331311
0.0272818
0.0214324
0.0155829
0.00973344
0.00388396
-0.00196554
-0.00781504
-0.0136645
-0.019514
-0.0253635
-0.0312129
-0.0370622
-0.0429116
-0.0487609
-0.0546101
-0.0604592
-0.0663082
-0.0721572
-0.0780061
-0.0838548
-0.0897035
-0.095552
-0.1014
-0.107249
-0.113097
-0.118945
-0.124792
-0.13064
-0.136487
-0.142335
-0.148182
-0.154029
-0.159875
-0.165722
-0.171568
-0.177414
-0.183259
-0.189105
-0.19495
-0.200795
-0.206639
-0.212484
-0.218328
-0.224171
-0.230015
-0.235858
-0.241701
-0.247543
-0.253385
-0.259227
-0.265068
-0.270909
-0.27675
-0.28259
-0.28843
-0.294269
-0.300108
-0.305947
-0.311785
-0.317623
-0.32346
-0.329297
-0.335133
-0.340969
-0.346805
-0.352639
-0.358474
-0.364308
-0.370141
-0.375974
-0.381807
-0.387639
-0.39347
-0.399301
-0.405131
-0.410961
-0.41679
-0.422618
-0.428446
-0.434274
-0.4401
-0.445926
-0.451752
-0.457577
-0.463401
-0.469225
-0.475048
-0.48087
-0.486691
-0.492512
-0.498333
-0.504152
-0.509971
-0.515789
-0.521607
-0.527423
-0.533239
-0.539055
-0.544869
-0.550683
-0.556496
-0.562308
-0.568119
-0.57393
-0.57974
-0.585549
-0.591357
-0.597164
-0.602971
-0.608777
-0.614582
-0.620386
-0.626189
-0.631991
-0.637793
-0.643593
-0.649393
-0.655192
-0.66099
-0.666787
-0.672583
-0.678378
-0.684172
-0.689965
-0.695757
-0.701549
-0.707339
-0.713129
-0.718917
-0.724704
-0.730491
-0.736276
-0.742061
-0.747844
-0.753626
-0.759408
-0.765188
-0.770967
-0.776745
-0.782522
-0.788298
-0.794073
-0.799847
-0.80562
-0.811391
-0.817162
-0.822931
-0.828699
-0.834466
-0.840232
-0.845997
-0.851761
-0.857523
-0.863285
-0.869045
-0.874804
-0.880561
-0.886318
-0.892073
-0.897827
-0.90358
-0.909332
-0.915082
-0.920831
-0.926579
-0.932326
-0.938071
-0.943815
-0.949558
-0.955299
-0.961039
-0.966778
-0.972516
-0.978252
-0.983987
-0.98972
-0.995453
-1.00118
-1.00691
-1.01264
-1.01837
-1.02409
-1.02982
-1.03554
-1.04126
-1.04698
-1.0527
-1.05841
-1.06413
-1.06984
-1.07556
-1.08127
-1.08698
-1.09269
-1.09839
-1.1041
-1.1098
-1.1155
-1.1212
-1.1269
-1.1326
-1.1383
-1.14399
-1.14968
-1.15537
-1.16106
-1.16675
-1.17244
-1.17812
-1.18381
-1.18949
-1.19517
-1.20085
-1.20652
-1.2122
-1.21787
-1.22355
-1.22922
-1.23488
-1.24055
-1.24622
-1.25188
-1.25754
-1.2632
-1.26886
-1.27452
-1.28017
-1.28583
-1.29148
-1.29713
-1.30278
-1.30842
-1.31407
-1.31971
-1.32535
-1.33099
-1.33663
-1.34227
-1.3479
-1.35353
-1.35916
-1.36479
-1.37042
-1.37604
-1.38166
-1.38729
-1.3929
-1.39852
-1.40414
-1.40975
-1.41536
-1.42097
-1.42658
-1.43219
-1.43779
-1.44339
-1.44899
-1.45459
-1.46019
-1.46578
-1.47138
-1.47697
-1.48255
-1.48814
-1.49373
-1.49931
-1.50489
-1.51047
-1.51604
-1.52162
-1.52719
-1.53276
-1.53833
-1.5439
-1.54946
-1.55502
-1.56058
-1.56614
-1.5717
-1.57725
-1.5828
-1.58835
-1.5939
-1.59944
-1.60499
-1.61053
-1.61607
-1.6216
-1.62714
-1.63267
-1.6382
-1.64373
-1.64926
-1.65478
-1.6603
-1.66582
-1.67134
-1.67685
-1.68237
-1.68788
-1.69338
-1.69889
-1.70439
-1.7099
-1.71539
-1.72089
-1.72639
-1.73188
-1.73737
-1.74286
-1.74834
-1.75383
-1.75931
-1.76478
-1.77026
-1.77573
-1.78121
-1.78668
-1.79214
-1.79761
-1.80307
-1.80853
-1.81399
-1.81944
-1.82489
-1.83034
-1.83579
-1.84124
-1.84668
-1.85212
-1.85756
-1.86299
-1.86843
-1.87386
-1.87929
-1.88471
-1.89013
-1.89555
-1.90097
-1.90639
-1.9118
-1.91721
-1.92262
-1.92803
-1.93343
-1.93883
-1.94423
-1.94962
-1.95502
-1.96041
-1.9658
-1.97118
-1.97656
-1.98194
-1.98732
-1.9927
-1.99807
-2.00344
-2.00881
-2.01417
-2.01953
-2.02489
-2.03025
-2.0356
-2.04095
-2.0463
-2.05165
-2.05699
-2.06233
-2.06767
-2.073
-2.07834
-2.08367
-2.08899
-2.09432
-2.09964
-2.10496
-2.11027
-2.11559
-2.1209
-2.12621
-2.13151
-2.13681
-2.14211
-2.14741
-2.1527
-2.158
-2.16328
-2.16857
-2.17385
-2.17913
-2.18441
-2.18968
-2.19495
-2.20022
-2.20549
-2.21075
-2.21601
-2.22127
-2.22652
-2.23178
-2.23702
-2.24227
-2.24751
-2.25275
-2.25799
-2.26322
-2.26845
-2.27368
-2.27891
-2.28413
-2.28935
-2.29457
-2.29978
-2.30499
-2.3102
-2.3154
-2.3206
-2.3258
-2.331
-2.33619
-2.34138
-2.34657
-2.35175
-2.35693
-2.36211
-2.36728
-2.37245
-2.37762
-2.38279
-2.38795
-2.39311
-2.39827
-2.40342
-2.40857
-2.41372
-2.41886
-2.424
-2.42914
-2.43427
-2.43941
-2.44453
-2.44966
-2.45478
-2.4599
-2.46502
-2.47013
-2.47524
-2.48034
-2.48545
-2.49055
-2.49564
-2.50074
-2.50583
-2.51092
-2.516
-2.52108
-2.52616
-2.53123
-2.53631
-2.54137
-2.54644
-2.5515
-2.55656
-2.56161
-2.56667
-2.57171
-2.57676
-2.5818
-2.58684
-2.59188
-2.59691
-2.60194
-2.60696
-2.61198
-2.617
-2.62202
-2.62703
-2.63204
-2.63705
-2.64205
-2.64705
-2.65204
-2.65704
-2.66203
-2.66701
-2.67199
-2.67697
-2.68195
-2.68692
-2.69189
-2.69685
-2.70182
-2.70678
-2.71173
-2.71668
-2.72163
-2.72658
-2.73152
-2.73646
-2.74139
-2.74632
-2.75125
-2.75617
-2.76109
-2.76601
-2.77093
-2.77584
-2.78074
-2.78565
-2.79055
-2.79544
-2.80034
-2.80522
-2.81011
-2.81499
-2.81987
-2.82475
-2.82962
-2.83449
-2.83935
-2.84421
-2.84907
-2.85392
-2.85878
-2.86362
-2.86847
-2.87331
-2.87814
-2.88297
-2.8878
-2.89263
-2.89745
-2.90227
-2.90708
-2.91189
-2.9167
-2.9215
-2.9263
-2.9311
-2.93589
-2.94068
-2.94547
-2.95025
-2.95503
-2.9598
-2.96457
-2.96934
-2.9741
-2.97886
-2.98362
-2.98837
-2.99312
-2.99786
-3.00261
-3.00734
-3.01208
-3.01681
-3.02153
-3.02626
-3.03097
-3.03569
-3.0404
-3.04511
-3.04981
-3.05451
-3.05921
-3.0639
-3.06859
-3.07327
-3.07795
-3.08263
-3.08731
-3.09197
-3.09664
-3.1013
-3.10596
-3.11061
-3.11527
-3.11991
-3.12455
-3.12919
-3.13383
-3.13846
-3.14309
-3.14771
-3.15233
-3.15695
-3.16156
-3.16617
-3.17077
-3.17537
-3.17997
-3.18456
-3.18915
-3.19373
-3.19831
-3.20289
-3.20746
-3.21203
-3.2166
-3.22116
-3.22571
-3.23027
-3.23482
-3.23936
-3.2439
-3.24844
-3.25297
-3.2575
-3.26203
-3.26655
-3.27107
-3.27558
-3.28009
-3.28459
-3.2891
-3.29359
-3.29809
-3.30257
-3.30706
-3.31154
-3.31602
-3.32049
-3.32496
-3.32943
-3.33389
-3.33834
-3.3428
-3.34724
-3.35169
-3.35613
-3.36057
-3.365
-3.36943
-3.37385
-3.37827
-3.38269
-3.3871
-3.39151
-3.39591
-3.40031
-3.40471
-3.4091
-3.41348
-3.41787
-3.42225
-3.42662
-3.43099
-3.43536
-3.43972
-3.44408
-3.44843
-3.45278
-3.45713
-3.46147
-3.46581
-3.47014
-3.47447
-3.47879
-3.48311
-3.48743
-3.49174
-3.49605
-3.50035
-3.50465
-3.50895
-3.51324
-3.51753
-3.52181
-3.52609
-3.53036
-3.53463
-3.5389
-3.54316
-3.54741
-3.55167
-3.55591
-3.56016
-3.5644
-3.56863
-3.57287
-3.57709
-3.58131
-3.58553
-3.58975
-3.59396
-3.59816
-3.60236
-3.60656
-3.61075
-3.61494
-3.61912
-3.6233
-3.62748
-3.63165
-3.63582
-3.63998
-3.64414
-3.64829
-3.65244
-3.65658
-3.66072
-3.66486
-3.66899
-3.67312
-3.67724
-3.68136
-3.68547
-3.68958
-3.69369
-3.69779
-3.70188
-3.70598
-3.71006
-3.71415
-3.71823
-3.7223
-3.72637
-3.73043
-3.7345
-3.73855
-3.7426
-3.74665
-3.75069
-3.75473
-3.75877
-3.7628
-3.76682
-3.77084
-3.77486
-3.77887
-3.78288
-3.78688
-3.79088
-3.79487
-3.79886
-3.80285
-3.80683
-3.8108
-3.81477
-3.81874
-3.8227
-3.82666
-3.83061
-3.83456
-3.83851
-3.84245
-3.84638
-3.85031
-3.85424
-3.85816
-3.86208
-3.86599
-3.86989
-3.8738
-3.8777
-3.88159
-3.88548
-3.88936
-3.89324
-3.89712
-3.90099
-3.90486
-3.90872
-3.91258
-3.91643
-3.92028
-3.92412
-3.92796
-3.93179
-3.93562
-3.93945
-3.94327
-3.94708
-3.95089
-3.9547
-3.9585
-3.9623
-3.96609
-3.96988
-3.97366
-3.97744
-3.98121
-3.98498
-3.98875
-3.9925
-3.99626
-4.00001
-4.00376
-4.0075
-4.01123
-4.01496
-4.01869
-4.02241
-4.02613
-4.02984
-4.03355
-4.03725
-4.04095
-4.04465
-4.04833
-4.05202
-4.0557
-4.05937
-4.06304
-4.06671
-4.07037
-4.07402
-4.07768
-4.08132
-4.08496
-4.0886
-4.09223
-4.09586
-4.09948
-4.1031
-4.10671
-4.11032
-4.11392
-4.11752
-4.12112
-4.1247
-4.12829
-4.13187
-4.13544
-4.13901
-4.14258
-4.14614
-4.14969
-4.15324
-4.15679
-4.16033
-4.16386
-4.1674
-4.17092
-4.17444
-4.17796
-4.18147
-4.18498
-4.18848
-4.19198
-4.19547
-4.19896
-4.20244
-4.20592
-4.20939
-4.21286
-4.21632
-4.21978
-4.22323
-4.22668
-4.23013
-4.23356
-4.237
-4.24043
-4.24385
-4.24727
-4.25068
-4.25409
-4.2575
-4.2609
-4.26429
-4.26768
-4.27107
-4.27445
-4.27782
-4.28119
-4.28456
-4.28792
-4.29127
-4.29462
-4.29797
-4.30131
-4.30464
-4.30797
-4.3113
-4.31462
-4.31793
-4.32124
-4.32455
-4.32785
-4.33115
-4.33444
-4.33772
-4.341
-4.34428
-4.34755
-4.35081
-4.35407
-4.35733
-4.36058
-4.36383
-4.36707
-4.3703
-4.37353
-4.37676
-4.37998
-4.3832
-4.38641
-4.38961
-4.39281
-4.39601
-4.3992
-4.40238
-4.40556
-4.40874
-4.41191
-4.41508
-4.41824
-4.42139
-4.42454
-4.42769
-4.43083
-4.43396
-4.43709
-4.44022
-4.44334
-4.44645
-4.44956
-4.45267
-4.45577
-4.45886
-4.46195
-4.46503
-4.46811
-4.47119
-4.47426
-4.47732
-4.48038
-4.48343
-4.48648
-4.48953
-4.49256
-4.4956
-4.49863
-4.50165
-4.50467
-4.50768
-4.51069
-4.51369
-4.51669
-4.51968
-4.52267
-4.52565
-4.52863
-4.5316
-4.53457
-4.53753
-4.54048
-4.54344
-4.54638
-4.54932
-4.55226
-4.55519
-4.55812
-4.56104
-4.56395
-4.56686
-4.56977
-4.57267
-4.57556
-4.57845
-4.58133
-4.58421
-4.58709
-4.58996
-4.59282
-4.59568
-4.59853
-4.60138
-4.60422
-4.60706
-4.60989
-4.61272
-4.61554
-4.61836
-4.62117
-4.62398
-4.62678
-4.62958
-4.63237
-4.63515
-4.63793
-4.64071
-4.64348
-4.64624
-4.649
-4.65176
-4.65451
-4.65725
-4.65999
-4.66273
-4.66545
-4.66818
-4.67089
-4.67361
-4.67631
-4.67902
-4.68171
-4.68441
-4.68709
-4.68977
-4.69245
-4.69512
-4.69779
-4.70045
-4.7031
-4.70575
-4.7084
-4.71104
-4.71367
-4.7163
-4.71892
-4.72154
-4.72415
-4.72676
-4.72936
-4.73196
-4.73455
-4.73714
-4.73972
-4.7423
-4.74487
-4.74743
-4.74999
-4.75255
-4.7551
-4.75764
-4.76018
-4.76271
-4.76524
-4.76777
-4.77028
-4.7728
-4.7753
-4.77781
-4.7803
-4.78279
-4.78528
-4.78776
-4.79024
-4.79271
-4.79517
-4.79763
-4.80008
-4.80253
-4.80498
-4.80741
-4.80985
-4.81227
-4.8147
-4.81711
-4.81953
-4.82193
-4.82433
-4.82673
-4.82912
-4.8315
-4.83388
-4.83626
-4.83863
-4.84099
-4.84335
-4.8457
-4.84805
-4.85039
-4.85273
-4.85506
-4.85738
-4.85971
-4.86202
-4.86433
-4.86664
-4.86893
-4.87123
-4.87352
-4.8758
-4.87808
-4.88035
-4.88262
-4.88488
-4.88714
-4.88939
-4.89163
-4.89387
-4.89611
-4.89834
-4.90056
-4.90278
-4.90499
-4.9072
-4.9094
-4.9116
-4.91379
-4.91598
-4.91816
-4.92034
-4.92251
-4.92467
-4.92683
-4.92898
-4.93113
-4.93328
-4.93541
-4.93755
-4.93967
-4.94179
-4.94391
-4.94602
-4.94813
-4.95023
-4.95232
-4.95441
-4.95649
-4.95857
-4.96064
-4.96271
-4.96477
-4.96683
-4.96888
-4.97093
-4.97297
-4.975
-4.97703
-4.97906
-4.98108
-4.98309
-4.9851
-4.9871
-4.9891
-4.99109
-4.99307
-4.99505
-4.99703
-4.999
-5.00096
-5.00292
-5.00488
-5.00682
-5.00877
-5.0107
-5.01263
-5.01456
-5.01648
-5.0184
-5.02031
-5.02221
-5.02411
-5.026
-5.02789
-5.02977
-5.03165
-5.03352
-5.03539
-5.03725
-5.0391
-5.04095
-5.0428
-5.04464
-5.04647
-5.0483
-5.05012
-5.05194
-5.05375
-5.05556
-5.05736
-5.05915
-5.06094
-5.06273
-5.0645
-5.06628
-5.06805
-5.06981
-5.07156
-5.07332
-5.07506
-5.0768
-5.07854
-5.08027
-5.08199
-5.08371
-5.08542
-5.08713
-5.08883
-5.09053
-5.09222
-5.0939
-5.09558
-5.09726
-5.09893
-5.10059
-5.10225
-5.1039
-5.10555
-5.10719
-5.10883
-5.11046
-5.11208
-5.1137
-5.11532
-5.11692
-5.11853
-5.12012
-5.12172
-5.1233
-5.12488
-5.12646
-5.12803
-5.12959
-5.13115
-5.13271
-5.13425
-5.1358
-5.13733
-5.13886
-5.14039
-5.14191
-5.14343
-5.14494
-5.14644
-5.14794
-5.14943
-5.15092
-5.1524
-5.15388
-5.15535
-5.15681
-5.15827
-5.15973
-5.16117
-5.16262
-5.16405
-5.16549
-5.16691
-5.16833
-5.16975
-5.17116
-5.17256
-5.17396
-5.17536
-5.17674
-5.17813
-5.1795
-5.18088
-5.18224
-5.1836
-5.18496
-5.18631
-5.18765
-5.18899
-5.19032
-5.19165
-5.19297
-5.19428
-5.19559
-5.1969
-5.1982
-5.19949
-5.20078
-5.20206
-5.20334
-5.20461
-5.20588
-5.20714
-5.20839
-5.20964
-5.21089
-5.21213
-5.21336
-5.21459
-5.21581
-5.21702
-5.21823
-5.21944
-5.22064
-5.22183
-5.22302
-5.2242
-5.22538
-5.22655
-5.22772
-5.22888
-5.23004
-5.23119
-5.23233
-5.23347
-5.2346
-5.23573
-5.23685
-5.23797
-5.23908
-5.24018
-5.24128
-5.24238
-5.24347
-5.24455
-5.24563
-5.2467
-5.24776
-5.24882
-5.24988
-5.25093
-5.25197
-5.25301
-5.25405
-5.25507
-5.2561
-5.25711
-5.25812
-5.25913
-5.26013
-5.26112
-5.26211
-5.26309
-5.26407
-5.26504
-5.26601
-5.26697
-5.26792
-5.26887
-5.26982
-5.27076
-5.27169
-5.27262
-5.27354
-5.27446
-5.27537
-5.27627
-5.27717
-5.27807
-5.27895
-5.27984
-5.28071
-5.28159
-5.28245
-5.28331
-5.28417
-5.28502
-5.28586
-5.2867
-5.28753
-5.28836
-5.28918
-5.29
-5.29081
-5.29161
-5.29241
-5.29321
-5.294
-5.29478
-5.29556
-5.29633
-5.29709
-5.29785
-5.29861
-5.29936
-5.3001
-5.30084
-5.30157
-5.3023
-5.30302
-5.30374
-5.30445
-5.30515
-5.30585
-5.30655
-5.30723
-5.30792
-5.30859
-5.30927
-5.30993
-5.31059
-5.31125
-5.3119
-5.31254
-5.31318
-5.31381
-5.31444
-5.31506
-5.31567
-5.31628
-5.31689
-5.31749
-5.31808
-5.31867
-5.31925
-5.31983
-5.3204
-5.32097
-5.32153
-5.32208
-5.32263
-5.32317
-5.32371
-5.32424
-5.32477
-5.32529
-5.32581
-5.32632
-5.32682
-5.32732
-5.32782
-5.3283
-5.32879
-5.32926
-5.32973
-5.3302
-5.33066
-5.33111
-5.33156
-5.33201
-5.33244
-5.33288
-5.3333
-5.33372
-5.33414
-5.33455
-5.33495
-5.33535
-5.33575
-5.33614
-5.33652
-5.33689
-5.33727
-5.33763
-5.33799
-5.33835
-5.33869
-5.33904
-5.33938
-5.33971
-5.34003
-5.34036
-5.34067
-5.34098
-5.34129
-5.34158
-5.34188
-5.34217
-5.34245
-5.34272
-5.343
-5.34326
-5.34352
-5.34378
-5.34403
-5.34427
-5.34451
-5.34474
-5.34497
-5.34519
-5.3454
-5.34561
-5.34582
-5.34602
-5.34621
-5.3464
-5.34658
-5.34676
-5.34693
-5.34709
-5.34725
-5.34741
-5.34756
-5.3477
-5.34784
-5.34797
-5.3481
-5.34822
-5.34834
-5.34845
-5.34855
-5.34865
-5.34875
-5.34883
-5.34892
-5.34899
-5.34907
-5.34913
-5.34919
-5.34925
-5.3493
-5.34934
-5.34938
-5.34941
-5.34944
-5.34946
-5.34948
-5.34949
-5.34949
-5.34949
-5.34949
-5.34948
-5.34946
-5.34944
-5.34941
-5.34938
-5.34934
-5.34929
-5.34924
-5.34919
-5.34913
-5.34906
-5.34899
-5.34891
-5.34883
-5.34874
-5.34865
-5.34855
-5.34844
-5.34833
-5.34822
-5.34809
-5.34797
-5.34784
-5.3477
-5.34755
-5.34741
-5.34725
-5.34709
-5.34693
-5.34675
-5.34658
-5.3464
-5.34621
-5.34602
-5.34582
-5.34561
-5.3454
-5.34519
-5.34497
-5.34474
-5.34451
-5.34427
-5.34403
-5.34378
-5.34353
-5.34327
-5.34301
-5.34274
-5.34246
-5.34218
-5.34189
-5.3416
-5.34131
-5.341
-5.3407
-5.34038
-5.34006
-5.33974
-5.33941
-5.33907
-5.33873
-5.33838
-5.33803
-5.33768
-5.33731
-5.33694
-5.33657
-5.33619
-5.33581
-5.33542
-5.33502
-5.33462
-5.33421
-5.3338
-5.33338
-5.33296
-5.33253
-5.3321
-5.33166
-5.33122
-5.33076
-5.33031
-5.32985
-5.32938
-5.32891
-5.32843
-5.32795
-5.32746
-5.32697
-5.32647
-5.32596
-5.32545
-5.32494
-5.32442
-5.32389
-5.32336
-5.32282
-5.32228
-5.32173
-5.32118
-5.32062
-5.32006
-5.31949
-5.31891
-5.31833
-5.31774
-5.31715
-5.31656
-5.31595
-5.31535
-5.31473
-5.31412
-5.31349
-5.31286
-5.31223
-5.31159
-5.31094
-5.31029
-5.30963
-5.30897
-5.30831
-5.30763
-5.30696
-5.30627
-5.30558
-5.30489
-5.30419
-5.30348
-5.30277
-5.30206
-5.30134
-5.30061
-5.29988
-5.29914
-5.2984
-5.29765
-5.2969
-5.29614
-5.29538
-5.29461
-5.29383
-5.29305
-5.29227
-5.29147
-5.29068
-5.28988
-5.28907
-5.28826
-5.28744
-5.28662
-5.28579
-5.28495
-5.28411
-5.28327
-5.28242
-5.28156
-5.2807
-5.27984
-5.27897
-5.27809
-5.27721
-5.27632
-5.27543
-5.27453
-5.27362
-5.27272
-5.2718
-5.27088
-5.26996
-5.26903
-5.26809
-5.26715
-5.2662
-5.26525
-5.2643
-5.26333
-5.26237
-5.26139
-5.26042
-5.25943
-5.25844
-5.25745
-5.25645
-5.25545
-5.25443
-5.25342
-5.2524
-5.25137
-5.25034
-5.2493
-5.24826
-5.24722
-5.24616
-5.24511
-5.24404
-5.24297
-5.2419
-5.24082
-5.23974
-5.23865
-5.23755
-5.23645
-5.23535
-5.23424
-5.23312
-5.232
-5.23087
-5.22974
-5.2286
-5.22746
-5.22631
-5.22516
-5.224
-5.22284
-5.22167
-5.22049
-5.21932
-5.21813
-5.21694
-5.21575
-5.21455
-5.21334
-5.21213
-5.21091
-5.20969
-5.20846
-5.20723
-5.206
-5.20475
-5.20351
-5.20225
-5.20099
-5.19973
-5.19846
-5.19719
-5.19591
-5.19462
-5.19333
-5.19204
-5.19074
-5.18943
-5.18812
-5.18681
-5.18549
-5.18416
-5.18283
-5.18149
-5.18015
-5.1788
-5.17745
-5.17609
-5.17473
-5.17336
-5.17199
-5.17061
-5.16923
-5.16784
-5.16645
-5.16505
-5.16364
-5.16223
-5.16082
-5.1594
-5.15797
-5.15654
-5.15511
-5.15367
-5.15222
-5.15077
-5.14932
-5.14785
-5.14639
-5.14492
-5.14344
-5.14196
-5.14047
-5.13898
-5.13748
-5.13598
-5.13447
-5.13296
-5.13144
-5.12992
-5.12839
-5.12685
-5.12532
-5.12377
-5.12222
-5.12067
-5.11911
-5.11754
-5.11597
-5.1144
-5.11282
-5.11124
-5.10965
-5.10805
-5.10645
-5.10484
-5.10323
-5.10162
-5.1
-5.09837
-5.09674
-5.0951
-5.09346
-5.09182
-5.09016
-5.08851
-5.08685
-5.08518
-5.08351
-5.08183
-5.08015
-5.07846
-5.07677
-5.07507
-5.07337
-5.07166
-5.06995
-5.06823
-5.06651
-5.06478
-5.06305
-5.06131
-5.05957
-5.05782
-5.05606
-5.05431
-5.05254
-5.05077
-5.049
-5.04722
-5.04544
-5.04365
-5.04186
-5.04006
-5.03825
-5.03644
-5.03463
-5.03281
-5.03099
-5.02916
-5.02732
-5.02549
-5.02364
-5.02179
-5.01994
-5.01808
-5.01621
-5.01435
-5.01247
-5.01059
-5.00871
-5.00682
-5.00492
-5.00302
-5.00112
-4.99921
-4.9973
-4.99538
-4.99345
-4.99152
-4.98959
-4.98765
-4.9857
-4.98376
-4.9818
-4.97984
-4.97788
-4.97591
-4.97393
-4.97195
-4.96997
-4.96798
-4.96599
-4.96399
-4.96198
-4.95997
-4.95796
-4.95594
-4.95392
-4.95189
-4.94985
-4.94782
-4.94577
-4.94372
-4.94167
-4.93961
-4.93755
-4.93548
-4.93341
-4.93133
-4.92924
-4.92716
-4.92506
-4.92296
-4.92086
-4.91875
-4.91664
-4.91452
-4.9124
-4.91027
-4.90814
-4.906
-4.90386
-4.90171
-4.89956
-4.8974
-4.89524
-4.89308
-4.8909
-4.88873
-4.88655
-4.88436
-4.88217
-4.87997
-4.87777
-4.87557
-4.87335
-4.87114
-4.86892
-4.86669
-4.86446
-4.86223
-4.85999
-4.85774
-4.85549
-4.85324
-4.85098
-4.84872
-4.84645
-4.84417
-4.84189
-4.83961
-4.83732
-4.83503
-4.83273
-4.83043
-4.82812
-4.82581
-4.82349
-4.82117
-4.81884
-4.81651
-4.81417
-4.81183
-4.80948
-4.80713
-4.80478
-4.80242
-4.80005
-4.79768
-4.79531
-4.79293
-4.79054
-4.78815
-4.78576
-4.78336
-4.78096
-4.77855
-4.77613
-4.77372
-4.77129
-4.76887
-4.76643
-4.764
-4.76155
-4.75911
-4.75666
-4.7542
-4.75174
-4.74927
-4.7468
-4.74433
-4.74185
-4.73936
-4.73687
-4.73438
-4.73188
-4.72938
-4.72687
-4.72435
-4.72184
-4.71931
-4.71679
-4.71426
-4.71172
-4.70918
-4.70663
-4.70408
-4.70153
-4.69897
-4.6964
-4.69383
-4.69126
-4.68868
-4.68609
-4.68351
-4.68091
-4.67832
-4.67571
-4.67311
-4.67049
-4.66788
-4.66526
-4.66263
-4.66
-4.65737
-4.65473
-4.65208
-4.64943
-4.64678
-4.64412
-4.64146
-4.63879
-4.63612
-4.63344
-4.63076
-4.62808
-4.62539
-4.62269
-4.61999
-4.61729
-4.61458
-4.61186
-4.60914
-4.60642
-4.60369
-4.60096
-4.59823
-4.59548
-4.59274
-4.58999
-4.58723
-4.58447
-4.58171
-4.57894
-4.57617
-4.57339
-4.57061
-4.56782
-4.56503
-4.56223
-4.55943
-4.55663
-4.55382
-4.551
-4.54818
-4.54536
-4.54253
-4.5397
-4.53686
-4.53402
-4.53117
-4.52832
-4.52547
-4.52261
-4.51975
-4.51688
-4.514
-4.51113
-4.50824
-4.50536
-4.50247
-4.49957
-4.49667
-4.49377
-4.49086
-4.48794
-4.48502
-4.4821
-4.47917
-4.47624
-4.47331
-4.47037
-4.46742
-4.46447
-4.46152
-4.45856
-4.4556
-4.45263
-4.44966
-4.44668
-4.4437
-4.44072
-4.43773
-4.43473
-4.43174
-4.42873
-4.42573
-4.42271
-4.4197
-4.41668
-4.41365
-4.41062
-4.40759
-4.40455
-4.40151
-4.39846
-4.39541
-4.39236
-4.3893
-4.38623
-4.38316
-4.38009
-4.37701
-4.37393
-4.37085
-4.36776
-4.36466
-4.36156
-4.35846
-4.35535
-4.35224
-4.34912
-4.346
-4.34287
-4.33975
-4.33661
-4.33347
-4.33033
-4.32718
-4.32403
-4.32088
-4.31772
-4.31455
-4.31138
-4.30821
-4.30503
-4.30185
-4.29867
-4.29548
-4.29228
-4.28908
-4.28588
-4.28267
-4.27946
-4.27625
-4.27303
-4.2698
-4.26657
-4.26334
-4.26011
-4.25686
-4.25362
-4.25037
-4.24711
-4.24386
-4.24059
-4.23733
-4.23406
-4.23078
-4.2275
-4.22422
-4.22093
-4.21764
-4.21434
-4.21104
-4.20774
-4.20443
-4.20112
-4.1978
-4.19448
-4.19115
-4.18782
-4.18449
-4.18115
-4.17781
-4.17446
-4.17111
-4.16776
-4.1644
-4.16103
-4.15767
-4.15429
-4.15092
-4.14754
-4.14416
-4.14077
-4.13738
-4.13398
-4.13058
-4.12717
-4.12377
-4.12035
-4.11694
-4.11351
-4.11009
-4.10666
-4.10323
-4.09979
-4.09635
-4.0929
-4.08945
-4.086
-4.08254
-4.07908
-4.07561
-4.07214
-4.06867
-4.06519
-4.06171
-4.05822
-4.05473
-4.05124
-4.04774
-4.04424
-4.04073
-4.03722
-4.0337
-4.03019
-4.02666
-4.02314
-4.01961
-4.01607
-4.01253
-4.00899
-4.00544
-4.00189
-3.99834
-3.99478
-3.99121
-3.98765
-3.98408
-3.9805
-3.97692
-3.97334
-3.96975
-3.96616
-3.96257
-3.95897
-3.95537
-3.95176
-3.94815
-3.94454
-3.94092
-3.93729
-3.93367
-3.93004
-3.9264
-3.92277
-3.91912
-3.91548
-3.91183
-3.90817
-3.90452
-3.90086
-3.89719
-3.89352
-3.88985
-3.88617
-3.88249
-3.8788
-3.87512
-3.87142
-3.86773
-3.86403
-3.86032
-3.85661
-3.8529
-3.84918
-3.84546
-3.84174
-3.83801
-3.83428
-3.83055
-3.82681
-3.82307
-3.81932
-3.81557
-3.81181
-3.80806
-3.80429
-3.80053
-3.79676
-3.79299
-3.78921
-3.78543
-3.78164
-3.77785
-3.77406
-3.77026
-3.76647
-3.76266
-3.75885
-3.75504
-3.75123
-3.74741
-3.74359
-3.73976
-3.73593
-3.7321
-3.72826
-3.72442
-3.72057
-3.71672
-3.71287
-3.70902
-3.70516
-3.70129
-3.69742
-3.69355
-3.68968
-3.6858
-3.68192
-3.67803
-3.67414
-3.67025
-3.66635
-3.66245
-3.65855
-3.65464
-3.65073
-3.64681
-3.64289
-3.63897
-3.63504
-3.63111
-3.62718
-3.62324
-3.6193
-3.61536
-3.61141
-3.60746
-3.6035
-3.59954
-3.59558
-3.59162
-3.58765
-3.58367
-3.57969
-3.57571
-3.57173
-3.56774
-3.56375
-3.55976
-3.55576
-3.55176
-3.54775
-3.54374
-3.53973
-3.53571
-3.53169
-3.52767
-3.52364
-3.51961
-3.51558
-3.51154
-3.5075
-3.50345
-3.4994
-3.49535
-3.4913
-3.48724
-3.48317
-3.47911
-3.47504
-3.47097
-3.46689
-3.46281
-3.45873
-3.45464
-3.45055
-3.44646
-3.44236
-3.43826
-3.43415
-3.43005
-3.42593
-3.42182
-3.4177
-3.41358
-3.40946
-3.40533
-3.4012
-3.39706
-3.39292
-3.38878
-3.38463
-3.38049
-3.37633
-3.37218
-3.36802
-3.36386
-3.35969
-3.35552
-3.35135
-3.34717
-3.34299
-3.33881
-3.33462
-3.33043
-3.32624
-3.32204
-3.31784
-3.31364
-3.30943
-3.30522
-3.30101
-3.2968
-3.29258
-3.28835
-3.28413
-3.2799
-3.27566
-3.27143
-3.26719
-3.26294
-3.2587
-3.25445
-3.2502
-3.24594
-3.24168
-3.23742
-3.23315
-3.22888
-3.22461
-3.22033
-3.21606
-3.21177
-3.20749
-3.2032
-3.19891
-3.19461
-3.19031
-3.18601
-3.18171
-3.1774
-3.17309
-3.16877
-3.16445
-3.16013
-3.15581
-3.15148
-3.14715
-3.14282
-3.13848
-3.13414
-3.1298
-3.12545
-3.1211
-3.11675
-3.11239
-3.10803
-3.10367
-3.0993
-3.09494
-3.09056
-3.08619
-3.08181
-3.07743
-3.07305
-3.06866
-3.06427
-3.05987
-3.05548
-3.05108
-3.04667
-3.04227
-3.03786
-3.03345
-3.02903
-3.02461
-3.02019
-3.01577
-3.01134
-3.00691
-3.00247
-2.99804
-2.9936
-2.98915
-2.98471
-2.98026
-2.97581
-2.97135
-2.96689
-2.96243
-2.95797
-2.9535
-2.94903
-2.94456
-2.94008
-2.9356
-2.93112
-2.92664
-2.92215
-2.91766
-2.91316
-2.90866
-2.90416
-2.89966
-2.89516
-2.89065
-2.88613
-2.88162
-2.8771
-2.87258
-2.86806
-2.86353
-2.859
-2.85447
-2.84993
-2.8454
-2.84085
-2.83631
-2.83176
-2.82721
-2.82266
-2.8181
-2.81355
-2.80898
-2.80442
-2.79985
-2.79528
-2.79071
-2.78613
-2.78156
-2.77697
-2.77239
-2.7678
-2.76321
-2.75862
-2.75403
-2.74943
-2.74483
-2.74022
-2.73561
-2.731
-2.72639
-2.72178
-2.71716
-2.71254
-2.70791
-2.70329
-2.69866
-2.69403
-2.68939
-2.68475
-2.68011
-2.67547
-2.67083
-2.66618
-2.66153
-2.65687
-2.65222
-2.64756
-2.64289
-2.63823
-2.63356
-2.62889
-2.62422
-2.61954
-2.61486
-2.61018
-2.6055
-2.60081
-2.59612
-2.59143
-2.58674
-2.58204
-2.57734
-2.57264
-2.56793
-2.56323
-2.55852
-2.5538
-2.54909
-2.54437
-2.53965
-2.53493
-2.5302
-2.52547
-2.52074
-2.51601
-2.51127
-2.50653
-2.50179
-2.49704
-2.4923
-2.48755
-2.4828
-2.47804
-2.47328
-2.46853
-2.46376
-2.459
-2.45423
-2.44946
-2.44469
-2.43991
-2.43514
-2.43036
-2.42558
-2.42079
-2.416
-2.41121
-2.40642
-2.40163
-2.39683
-2.39203
-2.38723
-2.38242
-2.37762
-2.37281
-2.36799
-2.36318
-2.35836
-2.35354
-2.34872
-2.3439
-2.33907
-2.33424
-2.32941
-2.32458
-2.31974
-2.3149
-2.31006
-2.30522
-2.30037
-2.29552
-2.29067
-2.28582
-2.28096
-2.27611
-2.27125
-2.26638
-2.26152
-2.25665
-2.25178
-2.24691
-2.24204
-2.23716
-2.23228
-2.2274
-2.22252
-2.21763
-2.21274
-2.20785
-2.20296
-2.19806
-2.19317
-2.18827
-2.18337
-2.17846
-2.17356
-2.16865
-2.16374
-2.15882
-2.15391
-2.14899
-2.14407
-2.13915
-2.13422
-2.1293
-2.12437
-2.11944
-2.11451
-2.10957
-2.10463
-2.09969
-2.09475
-2.08981
-2.08486
-2.07991
-2.07496
-2.07001
-2.06506
-2.0601
-2.05514
-2.05018
-2.04521
-2.04025
-2.03528
-2.03031
-2.02534
-2.02037
-2.01539
-2.01041
-2.00543
-2.00045
-1.99547
-1.99048
-1.98549
-1.9805
-1.97551
-1.97051
-1.96551
-1.96052
-1.95552
-1.95051
-1.94551
-1.9405
-1.93549
-1.93048
-1.92547
-1.92045
-1.91543
-1.91042
-1.90539
-1.90037
-1.89535
-1.89032
-1.88529
-1.88026
-1.87523
-1.87019
-1.86515
-1.86012
-1.85507
-1.85003
-1.84499
-1.83994
-1.83489
-1.82984
-1.82479
-1.81973
-1.81468
-1.80962
-1.80456
-1.7995
-1.79443
-1.78937
-1.7843
-1.77923
-1.77416
-1.76909
-1.76401
-1.75894
-1.75386
-1.74878
-1.74369
-1.73861
-1.73352
-1.72844
-1.72335
-1.71825
-1.71316
-1.70807
-1.70297
-1.69787
-1.69277
-1.68767
-1.68256
-1.67746
-1.67235
-1.66724
-1.66213
-1.65702
-1.6519
-1.64679
-1.64167
-1.63655
-1.63143
-1.6263
-1.62118
-1.61605
-1.61093
-1.6058
-1.60066
-1.59553
-1.5904
-1.58526
-1.58012
-1.57498
-1.56984
-1.56469
-1.55955
-1.5544
-1.54926
-1.54411
-1.53895
-1.5338
-1.52865
-1.52349
-1.51833
-1.51317
-1.50801
-1.50285
-1.49768
-1.49252
-1.48735
-1.48218
-1.47701
-1.47184
-1.46666
-1.46149
-1.45631
-1.45113
-1.44595
-1.44077
-1.43559
-1.4304
-1.42522
-1.42003
-1.41484
-1.40965
-1.40446
-1.39926
-1.39407
-1.38887
-1.38367
-1.37848
-1.37327
-1.36807
-1.36287
-1.35766
-1.35246
-1.34725
-1.34204
-1.33683
-1.33162
-1.3264
-1.32119
-1.31597
-1.31075
-1.30553
-1.30031
-1.29509
-1.28987
-1.28464
-1.27941
-1.27419
-1.26896
-1.26373
-1.25849
-1.25326
-1.24803
-1.24279
-1.23755
-1.23232
-1.22708
-1.22184
-1.21659
-1.21135
-1.2061
-1.20086
-1.19561
-1.19036
-1.18511
-1.17986
-1.17461
-1.16935
-1.1641
-1.15884
-1.15359
-1.14833
-1.14307
-1.13781
-1.13254
-1.12728
-1.12202
-1.11675
-1.11148
-1.10621
-1.10094
-1.09567
-1.0904
-1.08513
-1.07985
-1.07458
-1.0693
-1.06403
-1.05875
-1.05347
-1.04819
-1.0429
-1.03762
-1.03234
-1.02705
-1.02176
-1.01648
-1.01119
-1.0059
-1.00061
-0.995314
-0.990021
-0.984727
-0.979431
-0.974135
-0.968838
-0.96354
-0.95824
-0.95294
-0.947638
-0.942336
-0.937032
-0.931728
-0.926422
-0.921116
-0.915809
-0.9105
-0.905191
-0.89988
-0.894569
-0.889257
-0.883943
-0.878629
-0.873314
-0.867998
-0.862681
-0.857363
-0.852044
-0.846724
-0.841404
-0.836082
-0.830759
-0.825436
-0.820112
-0.814786
-0.80946
-0.804133
-0.798806
-0.793477
-0.788148
-0.782817
-0.777486
-0.772154
-0.766821
-0.761487
-0.756153
-0.750817
-0.745481
-0.740144
-0.734807
-0.729468
-0.724129
-0.718789
-0.713448
-0.708106
-0.702764
-0.69742
-0.692076
-0.686732
-0.681386
-0.67604
-0.670693
-0.665346
-0.659997
-0.654648
-0.649298
-0.643948
-0.638597
-0.633245
-0.627892
-0.622539
-0.617185
-0.611831
-0.606475
-0.60112
-0.595763
-0.590406
-0.585048
-0.57969
-0.57433
-0.568971
-0.56361
-0.558249
-0.552888
-0.547526
-0.542163
-0.5368
-0.531436
-0.526071
-0.520706
-0.515341
-0.509974
-0.504608
-0.49924
-0.493873
-0.488504
-0.483135
-0.477766
-0.472396
-0.467025
-0.461654
-0.456283
-0.450911
-0.445539
-0.440166
-0.434792
-0.429418
-0.424044
-0.418669
-0.413294
-0.407918
-0.402542
-0.397165
-0.391788
-0.386411
-0.381033
-0.375654
-0.370276
-0.364897
-0.359517
-0.354137
-0.348757
-0.343376
-0.337995
-0.332614
-0.327232
-0.32185
-0.316467
-0.311084
-0.305701
-0.300317
-0.294934
-0.289549
-0.284165
-0.27878
-0.273395
-0.268009
-0.262624
-0.257238
-0.251851
-0.246465
-0.241078
-0.235691
-0.230303
-0.224916
-0.219528
-0.21414
-0.208752
-0.203363
-0.197974
-0.192585
-0.187196
-0.181806
-0.176417
-0.171027
-0.165637
-0.160247
-0.154856
-0.149466
-0.144075
-0.138684
-0.133293
-0.127902
-0.12251
-0.117119
-0.111727
-0.106336
-0.100944
-0.0955518
-0.0901597
-0.0847675
-0.0793753
-0.0739829
-0.0685904
-0.0631979
-0.0578053
-0.0524127
-0.0470199
-0.0416272
-0.0362343
-0.0308415
-0.0254486
-0.0200557
-0.0146627
-0.00926972
-0.00387673
0.00151626
0.00690926
0.0123022
0.0176952
0.0230882
0.0284811
0.033874
0.0392669
0.0446597
0.0500525
0.0554453
0.0608379
0.0662305
0.0716231
0.0770155
0.0824079
0.0878002
0.0931924
0.0985845
0.103976
0.109368
0.11476
0.120152
0.125543
0.130935
0.136326
0.141717
0.147108
0.152499
0.157889
0.16328
0.16867
0.17406
0.17945
0.184839
0.190229
0.195618
0.201007
0.206396
0.211784
0.217173
0.222561
0.227949
0.233336
0.238724
0.244111
0.249498
0.254884
0.26027
0.265656
0.271042
0.276427
0.281812
0.287197
0.292581
0.297966
0.303349
0.308733
0.314116
0.319499
0.324881
0.330263
0.335645
0.341026
0.346407
0.351787
0.357167
0.362547
0.367926
0.373305
0.378684
0.384062
0.389439
0.394817
0.400193
0.40557
0.410946
0.416321
0.421696
0.42707
0.432444
0.437818
0.443191
0.448563
0.453935
0.459307
0.464678
0.470048
0.475418
0.480787
0.486156
0.491524
0.496892
0.502259
0.507626
0.512992
0.518357
0.523722
0.529086
0.53445
0.539813
0.545176
0.550537
0.555899
0.561259
0.566619
0.571978
0.577337
0.582695
0.588052
0.593409
0.598765
0.60412
0.609475
0.614829
0.620182
0.625535
0.630887
0.636238
0.641588
0.646938
0.652287
0.657635
0.662982
0.668329
0.673675
0.67902
0.684365
0.689708
0.695051
0.700393
0.705734
0.711075
0.716414
0.721753
0.727091
0.732428
0.737765
0.7431
0.748435
0.753769
0.759101
0.764433
0.769765
0.775095
0.780424
0.785753
0.79108
0.796407
0.801733
0.807058
0.812382
0.817705
0.823027
0.828348
0.833668
0.838987
0.844306
0.849623
0.854939
0.860255
0.865569
0.870882
0.876195
0.881506
0.886816
0.892126
0.897434
0.902741
0.908047
0.913352
0.918657
0.92396
0.929262
0.934563
0.939862
0.945161
0.950459
0.955755
0.961051
0.966345
0.971638
0.976931
0.982222
0.987511
0.9928
0.998088
1.00337
1.00866
1.01394
1.01923
1.02451
1.02979
1.03507
1.04035
1.04562
1.0509
1.05617
1.06145
1.06672
1.07199
1.07726
1.08253
1.08779
1.09306
1.09832
1.10359
1.10885
1.11411
1.11937
1.12463
1.12989
1.13514
1.14039
1.14565
1.1509
1.15615
1.1614
1.16665
1.17189
1.17714
1.18238
1.18762
1.19286
1.1981
1.20334
1.20858
1.21381
1.21904
1.22428
1.22951
1.23474
1.23996
1.24519
1.25042
1.25564
1.26086
1.26608
1.2713
1.27652
1.28173
1.28695
1.29216
1.29737
1.30258
1.30779
1.313
1.3182
1.32341
1.32861
1.33381
1.33901
1.34421
1.3494
1.3546
1.35979
1.36498
1.37017
1.37536
1.38055
1.38573
1.39091
1.39609
1.40127
1.40645
1.41163
1.4168
1.42198
1.42715
1.43232
1.43749
1.44265
1.44782
1.45298
1.45814
1.4633
1.46846
1.47362
1.47877
1.48392
1.48907
1.49422
1.49937
1.50452
1.50966
1.5148
1.51994
1.52508
1.53022
1.53535
1.54048
1.54562
1.55074
1.55587
1.561
1.56612
1.57124
1.57636
1.58148
1.5866
1.59171
1.59682
1.60194
1.60704
1.61215
1.61726
1.62236
1.62746
1.63256
1.63766
1.64275
1.64784
1.65294
1.65802
1.66311
1.6682
1.67328
1.67836
1.68344
1.68852
1.69359
1.69867
1.70374
1.70881
1.71387
1.71894
1.724
1.72906
1.73412
1.73918
1.74423
1.74929
1.75434
1.75938
1.76443
1.76947
1.77452
1.77956
1.78459
1.78963
1.79466
1.79969
1.80472
1.80975
1.81478
1.8198
1.82482
1.82984
1.83485
1.83987
1.84488
1.84989
1.85489
1.8599
1.8649
1.8699
1.8749
1.8799
1.88489
1.88988
1.89487
1.89986
1.90484
1.90982
1.9148
1.91978
1.92476
1.92973
1.9347
1.93967
1.94463
1.9496
1.95456
1.95952
1.96447
1.96943
1.97438
1.97933
1.98428
1.98922
1.99416
1.9991
2.00404
2.00897
2.01391
2.01884
2.02376
2.02869
2.03361
2.03853
2.04345
2.04836
2.05327
2.05818
2.06309
2.068
2.0729
2.0778
2.0827
2.08759
2.09248
2.09737
2.10226
2.10715
2.11203
2.11691
2.12178
2.12666
2.13153
2.1364
2.14126
2.14613
2.15099
2.15585
2.1607
2.16556
2.17041
2.17526
2.1801
2.18494
2.18978
2.19462
2.19946
2.20429
2.20912
2.21394
2.21877
2.22359
2.22841
2.23322
2.23803
2.24284
2.24765
2.25246
2.25726
2.26206
2.26685
2.27165
2.27644
2.28122
2.28601
2.29079
2.29557
2.30035
2.30512
2.30989
2.31466
2.31942
2.32418
2.32894
2.3337
2.33845
2.3432
2.34795
2.3527
2.35744
2.36218
2.36691
2.37165
2.37638
2.3811
2.38583
2.39055
2.39527
2.39998
2.4047
2.40941
2.41411
2.41881
2.42352
2.42821
2.43291
2.4376
2.44229
2.44697
2.45165
2.45633
2.46101
2.46568
2.47035
2.47502
2.47968
2.48434
2.489
2.49366
2.49831
2.50296
2.5076
2.51224
2.51688
2.52152
2.52615
2.53078
2.53541
2.54003
2.54465
2.54927
2.55388
2.55849
2.5631
2.5677
2.5723
2.5769
2.58149
2.58608
2.59067
2.59526
2.59984
2.60442
2.60899
2.61356
2.61813
2.6227
2.62726
2.63182
2.63637
2.64092
2.64547
2.65002
2.65456
2.6591
2.66363
2.66816
2.67269
2.67722
2.68174
2.68626
2.69077
2.69528
2.69979
2.7043
2.7088
2.7133
2.71779
2.72228
2.72677
2.73125
2.73573
2.74021
2.74468
2.74916
2.75362
2.75809
2.76255
2.767
2.77145
2.7759
2.78035
2.78479
2.78923
2.79367
2.7981
2.80253
2.80695
2.81137
2.81579
2.8202
2.82461
2.82902
2.83342
2.83782
2.84222
2.84661
2.851
2.85539
2.85977
2.86415
2.86852
2.87289
2.87726
2.88162
2.88598
2.89034
2.89469
2.89904
2.90338
2.90773
2.91206
2.9164
2.92073
2.92505
2.92938
2.9337
2.93801
2.94232
2.94663
2.95093
2.95523
2.95953
2.96382
2.96811
2.9724
2.97668
2.98096
2.98523
2.9895
2.99376
2.99803
3.00229
3.00654
3.01079
3.01504
3.01928
3.02352
3.02775
3.03199
3.03621
3.04044
3.04466
3.04887
3.05308
3.05729
3.0615
3.0657
3.06989
3.07408
3.07827
3.08246
3.08664
3.09081
3.09498
3.09915
3.10332
3.10748
3.11163
3.11579
3.11993
3.12408
3.12822
3.13236
3.13649
3.14062
3.14474
3.14886
3.15298
3.15709
3.16119
3.1653
3.1694
3.17349
3.17759
3.18167
3.18576
3.18983
3.19391
3.19798
3.20205
3.20611
3.21017
3.21422
3.21827
3.22232
3.22636
3.2304
3.23443
3.23846
3.24248
3.2465
3.25052
3.25453
3.25854
3.26254
3.26654
3.27054
3.27453
3.27852
3.2825
3.28648
3.29045
3.29442
3.29839
3.30235
3.3063
3.31026
3.3142
3.31815
3.32209
3.32602
3.32995
3.33388
3.3378
3.34172
3.34563
3.34954
3.35345
3.35735
3.36124
3.36513
3.36902
3.3729
3.37678
3.38066
3.38452
3.38839
3.39225
3.39611
3.39996
3.4038
3.40765
3.41149
3.41532
3.41915
3.42297
3.42679
3.43061
3.43442
3.43823
3.44203
3.44583
3.44962
3.45341
3.45719
3.46097
3.46475
3.46852
3.47228
3.47604
3.4798
3.48355
3.4873
3.49104
3.49478
3.49851
3.50224
3.50597
3.50969
3.5134
3.51711
3.52082
3.52452
3.52821
3.53191
3.53559
3.53927
3.54295
3.54663
3.55029
3.55396
3.55762
3.56127
3.56492
3.56856
3.5722
3.57584
3.57947
3.5831
3.58672
3.59033
3.59394
3.59755
3.60115
3.60475
3.60834
3.61193
3.61551
3.61909
3.62266
3.62623
3.62979
3.63335
3.63691
3.64046
3.644
3.64754
3.65107
3.6546
3.65813
3.66165
3.66516
3.66867
3.67218
3.67568
3.67917
3.68266
3.68615
3.68963
3.6931
3.69657
3.70004
3.7035
3.70695
3.7104
3.71385
3.71729
3.72073
3.72416
3.72758
3.731
3.73442
3.73783
3.74124
3.74464
3.74803
3.75142
3.75481
3.75819
3.76156
3.76493
3.7683
3.77166
3.77501
3.77836
3.78171
3.78505
3.78838
3.79171
3.79504
3.79836
3.80167
3.80498
3.80828
3.81158
3.81488
3.81817
3.82145
3.82473
3.828
3.83127
3.83453
3.83779
3.84104
3.84429
3.84753
3.85077
3.854
3.85722
3.86044
3.86366
3.86687
3.87008
3.87328
3.87647
3.87966
3.88285
3.88602
3.8892
3.89237
3.89553
3.89869
3.90184
3.90499
3.90813
3.91127
3.9144
3.91752
3.92064
3.92376
3.92687
3.92997
3.93307
3.93617
3.93925
3.94234
3.94542
3.94849
3.95155
3.95462
3.95767
3.96072
3.96377
3.96681
3.96984
3.97287
3.9759
3.97891
3.98193
3.98493
3.98794
3.99093
3.99392
3.99691
3.99989
4.00286
4.00583
4.00879
4.01175
4.0147
4.01765
4.02059
4.02353
4.02646
4.02938
4.0323
4.03522
4.03813
4.04103
4.04393
4.04682
4.0497
4.05258
4.05546
4.05833
4.06119
4.06405
4.0669
4.06975
4.07259
4.07542
4.07825
4.08108
4.0839
4.08671
4.08952
4.09232
4.09512
4.09791
4.10069
4.10347
4.10624
4.10901
4.11177
4.11453
4.11728
4.12002
4.12276
4.1255
4.12823
4.13095
4.13366
4.13637
4.13908
4.14178
4.14447
4.14716
4.14984
4.15252
4.15519
4.15785
4.16051
4.16316
4.16581
4.16845
4.17109
4.17372
4.17634
4.17896
4.18157
4.18418
4.18678
4.18937
4.19196
4.19454
4.19712
4.19969
4.20226
4.20482
4.20737
4.20992
4.21246
4.215
4.21753
4.22005
4.22257
4.22508
4.22759
4.23009
4.23259
4.23507
4.23756
4.24003
4.24251
4.24497
4.24743
4.24988
4.25233
4.25477
4.25721
4.25964
4.26206
4.26448
4.26689
4.26929
4.27169
4.27409
4.27647
4.27885
4.28123
4.2836
4.28596
4.28832
4.29067
4.29301
4.29535
4.29769
4.30001
4.30233
4.30465
4.30696
4.30926
4.31156
4.31385
4.31613
4.31841
4.32068
4.32295
4.32521
4.32746
4.32971
4.33195
4.33419
4.33642
4.33864
4.34086
4.34307
4.34527
4.34747
4.34966
4.35185
4.35403
4.3562
4.35837
4.36053
4.36269
4.36484
4.36698
4.36912
4.37125
4.37337
4.37549
4.3776
4.37971
4.38181
4.3839
4.38599
4.38807
4.39014
4.39221
4.39427
4.39633
4.39838
4.40042
4.40246
4.40449
4.40651
4.40853
4.41054
4.41255
4.41455
4.41654
4.41853
4.42051
4.42248
4.42445
4.42641
4.42836
4.43031
4.43226
4.43419
4.43612
4.43805
4.43996
4.44187
4.44378
4.44567
4.44757
4.44945
4.45133
4.4532
4.45507
4.45693
4.45878
4.46063
4.46247
4.4643
4.46613
4.46795
4.46977
4.47158
4.47338
4.47517
4.47696
4.47875
4.48052
4.48229
4.48406
4.48581
4.48756
4.48931
4.49104
4.49278
4.4945
4.49622
4.49793
4.49964
4.50133
4.50303
4.50471
4.50639
4.50807
4.50973
4.51139
4.51304
4.51469
4.51633
4.51797
4.51959
4.52121
4.52283
4.52444
4.52604
4.52763
4.52922
4.5308
4.53238
4.53394
4.53551
4.53706
4.53861
4.54015
4.54169
4.54322
4.54474
4.54626
4.54777
4.54927
4.55076
4.55225
4.55374
4.55521
4.55668
4.55815
4.5596
4.56105
4.5625
4.56393
4.56536
4.56679
4.5682
4.56961
4.57102
4.57241
4.5738
4.57519
4.57656
4.57793
4.5793
4.58066
4.58201
4.58335
4.58469
4.58602
4.58734
4.58866
4.58997
4.59127
4.59257
4.59386
4.59514
4.59642
4.59769
4.59895
4.60021
4.60146
4.6027
4.60394
4.60517
4.60639
4.60761
4.60882
4.61002
4.61122
4.61241
4.61359
4.61476
4.61593
4.6171
4.61825
4.6194
4.62054
4.62168
4.62281
4.62393
4.62504
4.62615
4.62725
4.62835
4.62944
4.63052
4.63159
4.63266
4.63372
4.63478
4.63582
4.63686
4.6379
4.63892
4.63994
4.64096
4.64196
4.64296
4.64396
4.64494
4.64592
4.64689
4.64786
4.64882
4.64977
4.65072
4.65165
4.65258
4.65351
4.65443
4.65534
4.65624
4.65714
4.65803
4.65891
4.65979
4.66066
4.66152
4.66238
4.66323
4.66407
4.6649
4.66573
4.66655
4.66737
4.66818
4.66898
4.66977
4.67056
4.67134
4.67211
4.67288
4.67364
4.67439
4.67513
4.67587
4.6766
4.67733
4.67805
4.67876
4.67946
4.68016
4.68085
4.68153
4.68221
4.68288
4.68354
4.6842
4.68485
4.68549
4.68612
4.68675
4.68737
4.68798
4.68859
4.68919
4.68978
4.69037
4.69095
4.69152
4.69209
4.69264
4.6932
4.69374
4.69428
4.69481
4.69533
4.69585
4.69636
4.69686
4.69735
4.69784
4.69832
4.6988
4.69927
4.69973
4.70018
4.70063
4.70107
4.7015
4.70192
4.70234
4.70275
4.70316
4.70355
4.70394
4.70433
4.7047
4.70507
4.70544
4.70579
4.70614
4.70648
4.70681
4.70714
4.70746
4.70777
4.70808
4.70838
4.70867
4.70896
4.70923
4.70951
4.70977
4.71003
4.71028
4.71052
4.71075
4.71098
4.7112
4.71142
4.71163
4.71183
4.71202
4.7122
4.71238
4.71256
4.71272
4.71288
4.71303
4.71317
4.71331
4.71344
4.71356
4.71368
4.71379
4.71389
4.71398
4.71407
4.71415
4.71422
4.71429
4.71435
4.7144
4.71444
4.71448
4.71451
4.71453
4.71455
4.71456
4.71456
4.71456
4.71454
4.71453
4.7145
4.71447
4.71443
4.71438
4.71432
4.71426
4.71419
4.71412
4.71403
4.71394
4.71385
4.71374
4.71363
4.71351
4.71339
4.71325
4.71311
4.71296
4.71281
4.71265
4.71248
4.71231
4.71212
4.71193
4.71174
4.71153
4.71132
4.7111
4.71088
4.71064
4.7104
4.71016
4.7099
4.70964
4.70937
4.7091
4.70882
4.70853
4.70823
4.70793
4.70762
4.7073
4.70697
4.70664
4.7063
4.70595
4.7056
4.70524
4.70487
4.7045
4.70411
4.70372
4.70333
4.70292
4.70251
4.70209
4.70167
4.70124
4.7008
4.70035
4.6999
4.69944
4.69897
4.69849
4.69801
4.69752
4.69702
4.69652
4.69601
4.69549
4.69497
4.69443
4.69389
4.69335
4.69279
4.69223
4.69166
4.69109
4.69051
4.68992
4.68932
4.68872
4.68811
4.68749
4.68686
4.68623
4.68559
4.68494
4.68429
4.68363
4.68296
4.68229
4.6816
4.68091
4.68022
4.67951
4.6788
4.67808
4.67736
4.67663
4.67589
4.67514
4.67439
4.67363
4.67286
4.67208
4.6713
4.67051
4.66971
4.66891
4.6681
4.66728
4.66646
4.66562
4.66478
4.66394
4.66308
4.66222
4.66135
4.66048
4.6596
4.65871
4.65781
4.65691
4.65599
4.65508
4.65415
4.65322
4.65228
4.65133
4.65038
4.64942
4.64845
4.64747
4.64649
4.6455
4.64451
4.6435
4.64249
4.64147
4.64045
4.63942
4.63838
4.63733
4.63628
4.63522
4.63415
4.63307
4.63199
4.6309
4.6298
4.6287
4.62759
4.62647
4.62535
4.62422
4.62308
4.62193
4.62078
4.61962
4.61845
4.61727
4.61609
4.6149
4.61371
4.6125
4.61129
4.61008
4.60885
4.60762
4.60638
4.60514
4.60388
4.60262
4.60136
4.60008
4.5988
4.59751
4.59622
4.59491
4.5936
4.59229
4.59096
4.58963
4.5883
4.58695
4.5856
4.58424
4.58287
4.5815
4.58012
4.57873
4.57734
4.57593
4.57453
4.57311
4.57169
4.57026
4.56882
4.56737
4.56592
4.56447
4.563
4.56153
4.56005
4.55856
4.55707
4.55557
4.55406
4.55254
4.55102
4.54949
4.54796
4.54641
4.54486
4.54331
4.54174
4.54017
4.53859
4.53701
4.53542
4.53382
4.53221
4.5306
4.52898
4.52735
4.52572
4.52407
4.52243
4.52077
4.51911
4.51744
4.51576
4.51408
4.51239
4.51069
4.50898
4.50727
4.50555
4.50383
4.5021
4.50036
4.49861
4.49686
4.4951
4.49333
4.49155
4.48977
4.48798
4.48619
4.48439
4.48258
4.48076
4.47894
4.47711
4.47527
4.47343
4.47157
4.46972
4.46785
4.46598
4.4641
4.46221
4.46032
4.45842
4.45652
4.4546
4.45268
4.45075
4.44882
4.44688
4.44493
4.44297
4.44101
4.43904
4.43707
4.43508
4.43309
4.4311
4.42909
4.42708
4.42507
4.42304
4.42101
4.41897
4.41693
4.41488
4.41282
4.41075
4.40868
4.4066
4.40452
4.40242
4.40032
4.39822
4.3961
4.39398
4.39185
4.38972
4.38758
4.38543
4.38328
4.38112
4.37895
4.37677
4.37459
4.3724
4.37021
4.368
4.36579
4.36358
4.36136
4.35913
4.35689
4.35465
4.3524
4.35014
4.34788
4.34561
4.34333
4.34104
4.33875
4.33646
4.33415
4.33184
4.32952
4.3272
4.32487
4.32253
4.32019
4.31783
4.31548
4.31311
4.31074
4.30836
4.30598
4.30358
4.30119
4.29878
4.29637
4.29395
4.29152
4.28909
4.28665
4.28421
4.28176
4.2793
4.27683
4.27436
4.27188
4.26939
4.2669
4.2644
4.2619
4.25939
4.25687
4.25434
4.25181
4.24927
4.24673
4.24417
4.24161
4.23905
4.23648
4.2339
4.23131
4.22872
4.22612
4.22352
4.22091
4.21829
4.21566
4.21303
4.2104
4.20775
4.2051
4.20244
4.19978
4.19711
4.19443
4.19175
4.18906
4.18636
4.18366
4.18095
4.17823
4.17551
4.17278
4.17004
4.1673
4.16455
4.16179
4.15903
4.15626
4.15349
4.1507
4.14792
4.14512
4.14232
4.13951
4.1367
4.13388
4.13105
4.12822
4.12538
4.12253
4.11968
4.11682
4.11395
4.11108
4.1082
4.10532
4.10243
4.09953
4.09663
4.09371
4.0908
4.08787
4.08494
4.08201
4.07907
4.07612
4.07316
4.0702
4.06723
4.06426
4.06128
4.05829
4.0553
4.0523
4.04929
4.04628
4.04326
4.04023
4.0372
4.03416
4.03112
4.02807
4.02501
4.02195
4.01888
4.01581
4.01272
4.00964
4.00654
4.00344
4.00033
3.99722
3.9941
3.99098
3.98784
3.98471
3.98156
3.97841
3.97525
3.97209
3.96892
3.96575
3.96256
3.95938
3.95618
3.95298
3.94978
3.94656
3.94335
3.94012
3.93689
3.93365
3.93041
3.92716
3.9239
3.92064
3.91737
3.9141
3.91082
3.90753
3.90424
3.90094
3.89764
3.89433
3.89101
3.88769
3.88436
3.88102
3.87768
3.87434
3.87098
3.86762
3.86426
3.86089
3.85751
3.85413
3.85074
3.84734
3.84394
3.84053
3.83712
3.8337
3.83027
3.82684
3.8234
3.81996
3.81651
3.81306
3.80959
3.80613
3.80265
3.79917
3.79569
3.7922
3.7887
3.7852
3.78169
3.77817
3.77465
3.77113
3.7676
3.76406
3.76051
3.75696
3.75341
3.74984
3.74628
3.7427
3.73912
3.73554
3.73195
3.72835
3.72475
3.72114
3.71753
3.71391
3.71028
3.70665
3.70301
3.69937
3.69572
3.69206
3.6884
3.68474
3.68106
3.67739
3.6737
3.67001
3.66632
3.66262
3.65891
3.6552
3.65148
3.64776
3.64403
3.64029
3.63655
3.6328
3.62905
3.62529
3.62153
3.61776
3.61399
3.61021
3.60642
3.60263
3.59883
3.59503
3.59122
3.5874
3.58358
3.57976
3.57593
3.57209
3.56825
3.5644
3.56055
3.55669
3.55283
3.54896
3.54508
3.5412
3.53731
3.53342
3.52952
3.52562
3.52171
3.5178
3.51388
3.50995
3.50602
3.50209
3.49814
3.4942
3.49025
3.48629
3.48232
3.47836
3.47438
3.4704
3.46642
3.46243
3.45843
3.45443
3.45042
3.44641
3.44239
3.43837
3.43434
3.43031
3.42627
3.42223
3.41818
3.41412
3.41006
3.406
3.40193
3.39785
3.39377
3.38968
3.38559
3.3815
3.37739
3.37329
3.36917
3.36505
3.36093
3.3568
3.35267
3.34853
3.34439
3.34024
3.33608
3.33192
3.32776
3.32359
3.31941
3.31523
3.31105
3.30685
3.30266
3.29846
3.29425
3.29004
3.28582
3.2816
3.27737
3.27314
3.26891
3.26466
3.26042
3.25616
3.25191
3.24764
3.24338
3.2391
3.23483
3.23054
3.22626
3.22196
3.21767
3.21336
3.20906
3.20474
3.20043
3.1961
3.19178
3.18744
3.18311
3.17877
3.17442
3.17007
3.16571
3.16135
3.15698
3.15261
3.14823
3.14385
3.13946
3.13507
3.13067
3.12627
3.12187
3.11746
3.11304
3.10862
3.1042
3.09977
3.09533
3.09089
3.08645
3.082
3.07754
3.07308
3.06862
3.06415
3.05968
3.0552
3.05072
3.04623
3.04174
3.03724
3.03274
3.02823
3.02372
3.01921
3.01469
3.01016
3.00563
3.0011
2.99656
2.99201
2.98746
2.98291
2.97835
2.97379
2.96923
2.96465
2.96008
2.9555
2.95091
2.94632
2.94173
2.93713
2.93253
2.92792
2.92331
2.91869
2.91407
2.90944
2.90481
2.90017
2.89554
2.89089
2.88624
2.88159
2.87693
2.87227
2.8676
2.86293
2.85826
2.85358
2.84889
2.84421
2.83951
2.83481
2.83011
2.82541
2.8207
2.81598
2.81126
2.80654
2.80181
2.79708
2.79234
2.7876
2.78286
2.77811
2.77335
2.7686
2.76383
2.75907
2.7543
2.74952
2.74474
2.73996
2.73517
2.73038
2.72558
2.72078
2.71598
2.71117
2.70635
2.70154
2.69672
2.69189
2.68706
2.68223
2.67739
2.67255
2.6677
2.66285
2.658
2.65314
2.64827
2.64341
2.63854
2.63366
2.62878
2.6239
2.61901
2.61412
2.60923
2.60433
2.59942
2.59452
2.58961
2.58469
2.57977
2.57485
2.56992
2.56499
2.56005
2.55512
2.55017
2.54523
2.54028
2.53532
2.53036
2.5254
2.52043
2.51546
2.51049
2.50551
2.50053
2.49554
2.49055
2.48556
2.48056
2.47556
2.47056
2.46555
2.46054
2.45552
2.4505
2.44548
2.44045
2.43542
2.43038
2.42534
2.4203
2.41526
2.41021
2.40515
2.4001
2.39504
2.38997
2.3849
2.37983
2.37476
2.36968
2.36459
2.35951
2.35442
2.34932
2.34423
2.33913
2.33402
2.32891
2.3238
2.31869
2.31357
2.30845
2.30332
2.29819
2.29306
2.28792
2.28278
2.27764
2.27249
2.26734
2.26219
2.25703
2.25187
2.24671
2.24154
2.23637
2.23119
2.22602
2.22083
2.21565
2.21046
2.20527
2.20008
2.19488
2.18968
2.18447
2.17926
2.17405
2.16884
2.16362
2.1584
2.15317
2.14795
2.14272
2.13748
2.13224
2.127
2.12176
2.11651
2.11126
2.10601
2.10075
2.09549
2.09023
2.08496
2.07969
2.07442
2.06914
2.06386
2.05858
2.05329
2.04801
2.04271
2.03742
2.03212
2.02682
2.02152
2.01621
2.0109
2.00559
2.00027
1.99495
1.98963
1.9843
1.97897
1.97364
1.96831
1.96297
1.95763
1.95229
1.94694
1.94159
1.93624
1.93089
1.92553
1.92017
1.9148
1.90944
1.90407
1.89869
1.89332
1.88794
1.88256
1.87718
1.87179
1.8664
1.86101
1.85561
1.85021
1.84481
1.83941
1.834
1.82859
1.82318
1.81777
1.81235
1.80693
1.80151
1.79608
1.79065
1.78522
1.77979
1.77435
1.76891
1.76347
1.75803
1.75258
1.74713
1.74168
1.73622
1.73077
1.72531
1.71984
1.71438
1.70891
1.70344
1.69797
1.69249
1.68702
1.68153
1.67605
1.67057
1.66508
1.65959
1.65409
1.6486
1.6431
1.6376
1.6321
1.62659
1.62108
1.61557
1.61006
1.60455
1.59903
1.59351
1.58799
1.58246
1.57693
1.5714
1.56587
1.56034
1.5548
1.54926
1.54372
1.53818
1.53263
1.52709
1.52153
1.51598
1.51043
1.50487
1.49931
1.49375
1.48819
1.48262
1.47705
1.47148
1.46591
1.46033
1.45476
1.44918
1.4436
1.43801
1.43243
1.42684
1.42125
1.41566
1.41006
1.40447
1.39887
1.39327
1.38767
1.38206
1.37645
1.37085
1.36524
1.35962
1.35401
1.34839
1.34277
1.33715
1.33153
1.3259
1.32028
1.31465
1.30902
1.30339
1.29775
1.29212
1.28648
1.28084
1.27519
1.26955
1.26391
1.25826
1.25261
1.24696
1.2413
1.23565
1.22999
1.22433
1.21867
1.21301
1.20734
1.20168
1.19601
1.19034
1.18467
1.179
1.17332
1.16765
1.16197
1.15629
1.15061
1.14492
1.13924
1.13355
1.12786
1.12217
1.11648
1.11079
1.10509
1.0994
1.0937
1.088
1.0823
1.07659
1.07089
1.06518
1.05947
1.05377
1.04805
1.04234
1.03663
1.03091
1.0252
1.01948
1.01376
1.00804
1.00231
0.996588
0.990862
0.985135
0.979406
0.973676
0.967944
0.962211
0.956476
0.95074
0.945003
0.939264
0.933524
0.927783
0.92204
0.916296
0.910551
0.904804
0.899056
0.893306
0.887555
0.881803
0.87605
0.870295
0.86454
0.858782
0.853024
0.847264
0.841503
0.835741
0.829978
0.824213
0.818448
0.812681
0.806913
0.801143
0.795373
0.789601
0.783828
0.778055
0.772279
0.766503
0.760726
0.754948
0.749168
0.743388
0.737606
0.731823
0.726039
0.720255
0.714469
0.708682
0.702894
0.697105
0.691315
0.685524
0.679732
0.673939
0.668145
0.66235
0.656554
0.650757
0.644959
0.639161
0.633361
0.627561
0.621759
0.615957
0.610153
0.604349
0.598544
0.592739
0.586932
0.581124
0.575316
0.569507
0.563697
0.557886
0.552074
0.546262
0.540448
0.534634
0.528819
0.523004
0.517188
0.51137
0.505553
0.499734
0.493915
0.488095
0.482274
0.476453
0.470631
0.464808
0.458985
0.453161
0.447336
0.441511
0.435685
0.429858
0.424031
0.418203
0.412375
0.406546
0.400716
0.394886
0.389056
0.383224
0.377392
0.37156
0.365727
0.359894
0.35406
0.348226
0.342391
0.336555
0.330719
0.324883
0.319046
0.313209
0.307371
0.301533
0.295694
0.289856
0.284016
0.278176
0.272336
0.266495
0.260655
0.254813
0.248971
0.243129
0.237287
0.231444
0.225601
0.219758
0.213914
0.20807
0.202226
0.196381
0.190537
0.184691
0.178846
0.173
0.167155
0.161309
0.155462
0.149616
0.143769
0.137922
0.132075
0.126227
0.12038
0.114532
0.108684
0.102837
0.0969884
0.0911401
0.0852918
0.0794433
0.0735947
0.067746
0.0618972
0.0560483
0.0501993
0.0443503
0.0385012
0.0326521
0.0268029
0.0209537
0.0151044
0.00925518
0.00340592
-0.00244335
-0.00829261
-0.0141419
-0.0199911
-0.0258403
-0.0316894
-0.0375385
-0.0433876
-0.0492365
-0.0550855
-0.0609343
-0.066783
-0.0726317
-0.0784802
-0.0843286
-0.0901769
-0.0960251
-0.101873
-0.107721
-0.113569
-0.119416
-0.125264
-0.131111
-0.136958
-0.142805
-0.148651
-0.154498
-0.160344
-0.16619
-0.172036
-0.177881
-0.183726
-0.189571
-0.195416
-0.201261
-0.207105
-0.212949
-0.218792
-0.224635
-0.230478
-0.236321
-0.242163
-0.248005
-0.253847
-0.259688
-0.265529
-0.271369
-0.277209
-0.283049
-0.288888
-0.294727
-0.300566
-0.306404
-0.312241
-0.318079
-0.323915
-0.329752
-0.335587
-0.341423
-0.347258
-0.353092
-0.358926
-0.364759
-0.370592
-0.376425
-0.382257
-0.388088
-0.393919
-0.399749
-0.405579
-0.411408
-0.417236
-0.423064
-0.428892
-0.434718
-0.440545
-0.44637
-0.452195
-0.458019
-0.463843
-0.469666
-0.475488
-0.48131
-0.487131
-0.492952
-0.498771
-0.50459
-0.510409
-0.516226
-0.522043
-0.527859
-0.533675
-0.539489
-0.545303
-0.551116
-0.556929
-0.56274
-0.568551
-0.574361
-0.580171
-0.585979
-0.591787
-0.597594
-0.6034
-0.609205
-0.615009
-0.620813
-0.626615
-0.632417
-0.638218
-0.644018
-0.649817
-0.655615
-0.661413
-0.667209
-0.673005
-0.678799
-0.684593
-0.690386
-0.696177
-0.701968
-0.707758
-0.713547
-0.719335
-0.725122
-0.730907
-0.736692
-0.742476
-0.748259
-0.754041
-0.759822
-0.765601
-0.77138
-0.777158
-0.782934
-0.78871
-0.794484
-0.800258
-0.80603
-0.811801
-0.817571
-0.82334
-0.829108
-0.834874
-0.84064
-0.846404
-0.852167
-0.857929
-0.86369
-0.86945
-0.875208
-0.880966
-0.886722
-0.892476
-0.89823
-0.903983
-0.909734
-0.915484
-0.921232
-0.92698
-0.932726
-0.938471
-0.944214
-0.949957
-0.955698
-0.961438
-0.967176
-0.972913
-0.978649
-0.984383
-0.990116
-0.995848
-1.00158
-1.00731
-1.01304
-1.01876
-1.02449
-1.03021
-1.03593
-1.04165
-1.04737
-1.05309
-1.05881
-1.06452
-1.07024
-1.07595
-1.08166
-1.08737
-1.09307
-1.09878
-1.10449
-1.11019
-1.11589
-1.12159
-1.12729
-1.13299
-1.13868
-1.14438
-1.15007
-1.15576
-1.16145
-1.16714
-1.17282
-1.17851
-1.18419
-1.18987
-1.19555
-1.20123
-1.20691
-1.21258
-1.21826
-1.22393
-1.2296
-1.23527
-1.24093
-1.2466
-1.25226
-1.25792
-1.26358
-1.26924
-1.2749
-1.28055
-1.28621
-1.29186
-1.29751
-1.30316
-1.3088
-1.31445
-1.32009
-1.32573
-1.33137
-1.33701
-1.34264
-1.34828
-1.35391
-1.35954
-1.36517
-1.37079
-1.37642
-1.38204
-1.38766
-1.39328
-1.3989
-1.40451
-1.41013
-1.41574
-1.42135
-1.42696
-1.43256
-1.43817
-1.44377
-1.44937
-1.45497
-1.46056
-1.46616
-1.47175
-1.47734
-1.48293
-1.48852
-1.4941
-1.49968
-1.50526
-1.51084
-1.51642
-1.52199
-1.52757
-1.53314
-1.5387
-1.54427
-1.54983
-1.5554
-1.56096
-1.56651
-1.57207
-1.57762
-1.58318
-1.58873
-1.59427
-1.59982
-1.60536
-1.6109
-1.61644
-1.62198
-1.62751
-1.63305
-1.63858
-1.64411
-1.64963
-1.65516
-1.66068
-1.6662
-1.67171
-1.67723
-1.68274
-1.68825
-1.69376
-1.69927
-1.70477
-1.71027
-1.71577
-1.72127
-1.72676
-1.73226
-1.73775
-1.74323
-1.74872
-1.7542
-1.75969
-1.76516
-1.77064
-1.77611
-1.78159
-1.78706
-1.79252
-1.79799
-1.80345
-1.80891
-1.81437
-1.81982
-1.82528
-1.83073
-1.83617
-1.84162
-1.84706
-1.8525
-1.85794
-1.86338
-1.86881
-1.87424
-1.87967
-1.8851
-1.89052
-1.89594
-1.90136
-1.90678
-1.91219
-1.9176
-1.92301
-1.92842
-1.93382
-1.93922
-1.94462
-1.95001
-1.95541
-1.9608
-1.96619
-1.97157
-1.97696
-1.98234
-1.98771
-1.99309
-1.99846
-2.00383
-2.0092
-2.01457
-2.01993
-2.02529
-2.03065
-2.036
-2.04135
-2.0467
-2.05205
-2.05739
-2.06273
-2.06807
-2.07341
-2.07874
-2.08407
-2.0894
-2.09472
-2.10004
-2.10536
-2.11068
-2.11599
-2.12131
-2.12661
-2.13192
-2.13722
-2.14252
-2.14782
-2.15312
-2.15841
-2.1637
-2.16898
-2.17427
-2.17955
-2.18482
-2.1901
-2.19537
-2.20064
-2.20591
-2.21117
-2.21643
-2.22169
-2.22694
-2.2322
-2.23745
-2.24269
-2.24794
-2.25318
-2.25841
-2.26365
-2.26888
-2.27411
-2.27934
-2.28456
-2.28978
-2.295
-2.30021
-2.30542
-2.31063
-2.31584
-2.32104
-2.32624
-2.33143
-2.33663
-2.34182
-2.34701
-2.35219
-2.35737
-2.36255
-2.36772
-2.3729
-2.37807
-2.38323
-2.3884
-2.39356
-2.39871
-2.40387
-2.40902
-2.41417
-2.41931
-2.42445
-2.42959
-2.43473
-2.43986
-2.44499
-2.45011
-2.45524
-2.46036
-2.46547
-2.47059
-2.4757
-2.4808
-2.48591
-2.49101
-2.49611
-2.5012
-2.50629
-2.51138
-2.51646
-2.52155
-2.52662
-2.5317
-2.53677
-2.54184
-2.54691
-2.55197
-2.55703
-2.56208
-2.56714
-2.57219
-2.57723
-2.58227
-2.58731
-2.59235
-2.59738
-2.60241
-2.60744
-2.61246
-2.61748
-2.6225
-2.62751
-2.63252
-2.63753
-2.64253
-2.64753
-2.65253
-2.65752
-2.66251
-2.66749
-2.67248
-2.67746
-2.68243
-2.68741
-2.69238
-2.69734
-2.7023
-2.70726
-2.71222
-2.71717
-2.72212
-2.72707
-2.73201
-2.73695
-2.74188
-2.74681
-2.75174
-2.75667
-2.76159
-2.7665
-2.77142
-2.77633
-2.78124
-2.78614
-2.79104
-2.79594
-2.80083
-2.80572
-2.81061
-2.81549
-2.82037
-2.82524
-2.83012
-2.83499
-2.83985
-2.84471
-2.84957
-2.85442
-2.85927
-2.86412
-2.86896
-2.8738
-2.87864
-2.88347
-2.8883
-2.89313
-2.89795
-2.90277
-2.90758
-2.91239
-2.9172
-2.92201
-2.92681
-2.9316
-2.93639
-2.94118
-2.94597
-2.95075
-2.95553
-2.9603
-2.96507
-2.96984
-2.9746
-2.97936
-2.98412
-2.98887
-2.99362
-2.99837
-3.00311
-3.00784
-3.01258
-3.01731
-3.02203
-3.02676
-3.03147
-3.03619
-3.0409
-3.04561
-3.05031
-3.05501
-3.05971
-3.0644
-3.06909
-3.07377
-3.07845
-3.08313
-3.0878
-3.09247
-3.09714
-3.1018
-3.10645
-3.11111
-3.11576
-3.12041
-3.12505
-3.12969
-3.13432
-3.13895
-3.14358
-3.1482
-3.15282
-3.15744
-3.16205
-3.16665
-3.17126
-3.17586
-3.18045
-3.18505
-3.18963
-3.19422
-3.1988
-3.20337
-3.20795
-3.21251
-3.21708
-3.22164
-3.22619
-3.23075
-3.2353
-3.23984
-3.24438
-3.24892
-3.25345
-3.25798
-3.2625
-3.26702
-3.27154
-3.27605
-3.28056
-3.28507
-3.28957
-3.29406
-3.29855
-3.30304
-3.30753
-3.31201
-3.31648
-3.32096
-3.32542
-3.32989
-3.33435
-3.33881
-3.34326
-3.3477
-3.35215
-3.35659
-3.36102
-3.36546
-3.36988
-3.37431
-3.37873
-3.38314
-3.38755
-3.39196
-3.39636
-3.40076
-3.40515
-3.40954
-3.41393
-3.41831
-3.42269
-3.42706
-3.43143
-3.4358
-3.44016
-3.44452
-3.44887
-3.45322
-3.45756
-3.46191
-3.46624
-3.47057
-3.4749
-3.47923
-3.48354
-3.48786
-3.49217
-3.49648
-3.50078
-3.50508
-3.50937
-3.51366
-3.51795
-3.52223
-3.52651
-3.53078
-3.53505
-3.53931
-3.54357
-3.54783
-3.55208
-3.55633
-3.56057
-3.56481
-3.56904
-3.57327
-3.5775
-3.58172
-3.58594
-3.59015
-3.59436
-3.59856
-3.60276
-3.60696
-3.61115
-3.61534
-3.61952
-3.6237
-3.62787
-3.63204
-3.63621
-3.64037
-3.64453
-3.64868
-3.65283
-3.65697
-3.66111
-3.66524
-3.66937
-3.6735
-3.67762
-3.68174
-3.68585
-3.68996
-3.69406
-3.69816
-3.70226
-3.70635
-3.71044
-3.71452
-3.71859
-3.72267
-3.72674
-3.7308
-3.73486
-3.73892
-3.74297
-3.74701
-3.75105
-3.75509
-3.75913
-3.76315
-3.76718
-3.7712
-3.77521
-3.77922
-3.78323
-3.78723
-3.79123
-3.79522
-3.79921
-3.80319
-3.80717
-3.81115
-3.81512
-3.81908
-3.82304
-3.827
-3.83095
-3.8349
-3.83884
-3.84278
-3.84671
-3.85064
-3.85457
-3.85849
-3.8624
-3.86631
-3.87022
-3.87412
-3.87802
-3.88191
-3.8858
-3.88969
-3.89356
-3.89744
-3.90131
-3.90517
-3.90903
-3.91289
-3.91674
-3.92059
-3.92443
-3.92827
-3.9321
-3.93593
-3.93975
-3.94357
-3.94739
-3.9512
-3.955
-3.9588
-3.9626
-3.96639
-3.97018
-3.97396
-3.97774
-3.98151
-3.98528
-3.98904
-3.9928
-3.99655
-4.0003
-4.00405
-4.00778
-4.01152
-4.01525
-4.01898
-4.0227
-4.02641
-4.03013
-4.03383
-4.03753
-4.04123
-4.04492
-4.04861
-4.0523
-4.05597
-4.05965
-4.06332
-4.06698
-4.07064
-4.0743
-4.07795
-4.08159
-4.08523
-4.08887
-4.0925
-4.09613
-4.09975
-4.10336
-4.10698
-4.11058
-4.11419
-4.11778
-4.12138
-4.12496
-4.12855
-4.13213
-4.1357
-4.13927
-4.14283
-4.14639
-4.14995
-4.1535
-4.15704
-4.16058
-4.16412
-4.16765
-4.17117
-4.17469
-4.17821
-4.18172
-4.18523
-4.18873
-4.19222
-4.19571
-4.1992
-4.20268
-4.20616
-4.20963
-4.2131
-4.21656
-4.22002
-4.22347
-4.22692
-4.23036
-4.2338
-4.23723
-4.24066
-4.24409
-4.24751
-4.25092
-4.25433
-4.25773
-4.26113
-4.26452
-4.26791
-4.2713
-4.27468
-4.27805
-4.28142
-4.28478
-4.28814
-4.2915
-4.29485
-4.29819
-4.30153
-4.30487
-4.3082
-4.31152
-4.31484
-4.31816
-4.32147
-4.32477
-4.32807
-4.33137
-4.33466
-4.33794
-4.34122
-4.3445
-4.34777
-4.35104
-4.3543
-4.35755
-4.3608
-4.36405
-4.36729
-4.37052
-4.37375
-4.37698
-4.3802
-4.38342
-4.38663
-4.38983
-4.39303
-4.39623
-4.39942
-4.4026
-4.40578
-4.40896
-4.41213
-4.41529
-4.41845
-4.42161
-4.42476
-4.4279
-4.43104
-4.43418
-4.43731
-4.44043
-4.44355
-4.44667
-4.44978
-4.45288
-4.45598
-4.45908
-4.46217
-4.46525
-4.46833
-4.4714
-4.47447
-4.47754
-4.4806
-4.48365
-4.4867
-4.48974
-4.49278
-4.49582
-4.49884
-4.50187
-4.50489
-4.5079
-4.51091
-4.51391
-4.51691
-4.5199
-4.52289
-4.52587
-4.52885
-4.53182
-4.53479
-4.53775
-4.54071
-4.54366
-4.5466
-4.54954
-4.55248
-4.55541
-4.55834
-4.56126
-4.56417
-4.56709
-4.56999
-4.57289
-4.57579
-4.57868
-4.58156
-4.58444
-4.58731
-4.59018
-4.59305
-4.59591
-4.59876
-4.60161
-4.60445
-4.60729
-4.61012
-4.61295
-4.61577
-4.61859
-4.6214
-4.62421
-4.62701
-4.62981
-4.6326
-4.63539
-4.63817
-4.64094
-4.64371
-4.64648
-4.64924
-4.65199
-4.65474
-4.65749
-4.66023
-4.66296
-4.66569
-4.66841
-4.67113
-4.67385
-4.67655
-4.67926
-4.68195
-4.68465
-4.68733
-4.69001
-4.69269
-4.69536
-4.69803
-4.70069
-4.70334
-4.70599
-4.70864
-4.71128
-4.71391
-4.71654
-4.71917
-4.72178
-4.7244
-4.72701
-4.72961
-4.73221
-4.7348
-4.73739
-4.73997
-4.74254
-4.74511
-4.74768
-4.75024
-4.7528
-4.75535
-4.75789
-4.76043
-4.76296
-4.76549
-4.76802
-4.77053
-4.77305
-4.77555
-4.77806
-4.78055
-4.78305
-4.78553
-4.78801
-4.79049
-4.79296
-4.79542
-4.79788
-4.80034
-4.80279
-4.80523
-4.80767
-4.8101
-4.81253
-4.81495
-4.81737
-4.81978
-4.82219
-4.82459
-4.82698
-4.82937
-4.83176
-4.83414
-4.83651
-4.83888
-4.84125
-4.8436
-4.84596
-4.8483
-4.85065
-4.85298
-4.85531
-4.85764
-4.85996
-4.86228
-4.86459
-4.86689
-4.86919
-4.87148
-4.87377
-4.87606
-4.87833
-4.88061
-4.88287
-4.88513
-4.88739
-4.88964
-4.89189
-4.89413
-4.89636
-4.89859
-4.90081
-4.90303
-4.90525
-4.90745
-4.90966
-4.91185
-4.91404
-4.91623
-4.91841
-4.92059
-4.92276
-4.92492
-4.92708
-4.92923
-4.93138
-4.93352
-4.93566
-4.93779
-4.93992
-4.94204
-4.94416
-4.94627
-4.94837
-4.95047
-4.95256
-4.95465
-4.95674
-4.95881
-4.96089
-4.96295
-4.96501
-4.96707
-4.96912
-4.97117
-4.97321
-4.97524
-4.97727
-4.97929
-4.98131
-4.98332
-4.98533
-4.98733
-4.98933
-4.99132
-4.9933
-4.99528
-4.99726
-4.99923
-5.00119
-5.00315
-5.0051
-5.00705
-5.00899
-5.01093
-5.01286
-5.01478
-5.0167
-5.01862
-5.02052
-5.02243
-5.02433
-5.02622
-5.02811
-5.02999
-5.03186
-5.03373
-5.0356
-5.03746
-5.03931
-5.04116
-5.04301
-5.04484
-5.04668
-5.0485
-5.05032
-5.05214
-5.05395
-5.05575
-5.05755
-5.05935
-5.06114
-5.06292
-5.0647
-5.06647
-5.06824
-5.07
-5.07175
-5.0735
-5.07525
-5.07699
-5.07872
-5.08045
-5.08217
-5.08389
-5.0856
-5.08731
-5.08901
-5.0907
-5.09239
-5.09408
-5.09575
-5.09743
-5.0991
-5.10076
-5.10241
-5.10407
-5.10571
-5.10735
-5.10899
-5.11062
-5.11224
-5.11386
-5.11547
-5.11708
-5.11868
-5.12027
-5.12187
-5.12345
-5.12503
-5.1266
-5.12817
-5.12974
-5.13129
-5.13285
-5.13439
-5.13593
-5.13747
-5.139
-5.14052
-5.14204
-5.14356
-5.14506
-5.14657
-5.14806
-5.14955
-5.15104
-5.15252
-5.15399
-5.15546
-5.15693
-5.15839
-5.15984
-5.16129
-5.16273
-5.16416
-5.16559
-5.16702
-5.16844
-5.16985
-5.17126
-5.17266
-5.17406
-5.17545
-5.17684
-5.17822
-5.1796
-5.18097
