11 11
0 0 0 0 0 0 0 0 0 0 0 
0 0.0252488 0.0476397 0 0.0482331 0.0910069 0 0.0667823 0.126006 0.171699 0.200202 
0.209846 0.200202 0.171699 0.126006 0.0667823 0 0.0643732 0.0677122 0.070978 0.0741675 0.0772778 
0.0803061 0.0832495 0.0861055 0.0888716 0.0915456 0.0941251 0.0966082 0.0989929 0.101277 0.10346 0.105539 
0 0.0790025 0.149063 0 0.0835367 0.157618 0 0.0797981 0.150564 0.205163 0.239221 
0.250745 0.239221 0.205163 0.150564 0.0797981 0 6.9413e-310 1.49167e-154 2.68679e+154 3.95253e-323 0 
5.98008e+197 4.89054e-315 0 4.94066e-324 6.9413e-310 0 1.49167e-154 1.49167e-154 6.42285e-323 0 0 
0 0.0680858 0.128465 0.175051 0 0.0495567 0.0935042 0.127412 0 0.0260767 0.0492019 
0.067044 0 9.9076e-17 9.9076e-17 9.9076e-17 9.9076e-17 9.9076e-17 9.9076e-17 9.9076e-17 9.9076e-17 9.9076e-17 
0 0 1.28823e-231 1.28823e-231 nan 3.50978e+64 0 0 -0 0 5.45353e-312 
1.26481e-321 0 0 0 nan 2.23764e-314 4.94066e-324 0 0 0 0 
