11 11
0 0 0 0 0.0355904 0.0355904 0.0355904 0.128767 0.128767 0.128767 0.128767 
0 0.0252488 0.0476397 0 0.0482331 0.0910069 0.067697 0.000914764 0.0583087 0.104002 0.132505 
0.0326128 0.0229685 0.00553394 0.0512274 0.110451 0.286769 0.222396 0.219057 0.215791 0.212602 0.277188 
0.27416 0.271217 0.268361 0.265595 0.262921 0.260341 0.257858 0.255473 0.101277 0.10346 0.105539 
0 0.0790025 0.149063 0 0.0835367 0.157618 0.115173 0.0353749 0.0353912 0.0899904 0.124048 
0.0423952 0.0308712 0.00318652 0.0577858 0.128552 0.24394 0.24394 0.24394 2.68679e+154 0.24394 0.20835 
5.98008e+197 0.20835 0.20835 0.20835 0.20835 0.20835 0.20835 0.20835 6.42285e-323 0 0 
0 0.0680858 0.128465 0.175051 0 0.0181404 0.0258072 0.0597147 0.067697 0.0416203 0.0184951 
0.000653023 0.067697 6.21496e-17 6.21496e-17 6.21496e-17 6.21496e-17 6.21496e-17 6.21496e-17 6.21496e-17 6.21496e-17 6.21496e-17 
0 0 1.28823e-231 1.28823e-231 nan 3.50978e+64 0 0 0 0 5.45353e-312 
1.26481e-321 0 0 0 nan 2.23764e-314 4.94066e-324 0 0 0 0 
