11 11
0 0 0 0 0.086517 0.086517 0.086517 0.313022 0.313022 0.313022 0.313022 
0 0.0713577 0.0987171 0 0.164326 0.227337 0.164565 0.134821 0.249711 0.275575 0.279629 
0.0137953 0.0133568 0.00930294 0.0165608 0.131451 0.697109 0.4533 0.453535 0.455728 0.469798 0.6972 
0.861674 0.861674 0.861674 0.561689 0.446988 0.42128 0.41727 0.416838 0.444404 0.440394 0.414687 
0 0.380184 0.526129 0 0.32295 0.446786 0.279975 0.0657076 0.198348 0.228203 0.232882 
0.00688341 0.00637735 0.00169861 0.0281566 0.160797 0.592997 0.113826 0.114289 0.118599 0.146251 0.183233 
0.506479 0.506479 0.506479 0.160165 0.0277651 0.00190431 0.00653208 0.00703044 0.513012 0.508384 0.478714 
0 0.329604 0.456133 0.484628 0 0.0290907 0.103353 0.120056 0.164565 0.0646599 0.0263289 
0.0177021 0.164565 9.31136e-18 9.31136e-18 9.31136e-18 9.31136e-18 9.31136e-18 9.31136e-18 9.31136e-18 9.31136e-18 9.31136e-18 
0 0.274288 1.28823e-231 1.28823e-231 0.273801 0.273513 0.273129 0.272622 0.27196 0.271104 0.270007 
0.268614 0.266863 0.264685 0.262 0.258723 0.254763 0.250025 0.244411 0.237825 0.230174 0.221375 
