11 11
0 0 0 0 0 0 0 0 0 0 0 
0 0.0713577 0.0987171 0 0.164326 0.227337 0 0.299386 0.414276 0.44014 0.444194 
0.444633 0.444194 0.44014 0.414276 0.299386 0 0.24381 0.243574 0.241381 0.227312 0.164474 
0 1.73814e-308 0 0.299985 0.414687 0.440394 0.444404 0.444836 0.444404 0.440394 0.414687 
0 0.380184 0.526129 0 0.32295 0.446786 0 0.345683 0.478323 0.508178 0.512857 
0.513363 0.512857 0.508178 0.478323 0.345683 0 0.479171 0.478707 0.474398 0.446745 0.323247 
0 1.66881e-308 0 0.346315 0.478714 0.508384 0.513012 0.51351 0.513012 0.508384 0.478714 
0 0.329604 0.456133 0.484628 0 0.193656 0.267918 0.284621 0 0.0999053 0.138236 
0.146863 0 9.9076e-17 9.9076e-17 9.9076e-17 9.9076e-17 9.9076e-17 9.9076e-17 9.9076e-17 9.9076e-17 9.9076e-17 
0 0.274288 1.28823e-231 1.28823e-231 0.273801 0.273513 0.273129 0.272622 0.27196 0.271104 0.270007 
0.268614 0.266863 0.264685 0.262 0.258723 0.254763 0.250025 0.244411 0.237825 0.230174 0.221375 
