100
0.0763505
0.144659
0.205684
0.260111
0.308564
0.351604
0.389742
0.423441
0.453118
0.479153
0.50189
0.521638
0.53868
0.553271
0.565642
0.576003
0.584542
0.591431
0.596826
0.600868
0.603685
0.605391
0.606092
0.605882
0.604848
0.603066
0.600608
0.597536
0.59391
0.589781
0.585196
0.580199
0.574829
0.56912
0.563105
0.556812
0.550267
0.543495
0.536517
0.529352
0.522017
0.51453
0.506904
0.499152
0.491286
0.483317
0.475254
0.467107
0.458883
0.45059
0.442234
0.433822
0.425357
0.416846
0.408292
0.399701
0.391074
0.382416
0.37373
0.365018
0.356282
0.347526
0.33875
0.329956
0.321148
0.312324
0.303488
0.294641
0.285782
0.276915
0.268038
0.259154
0.250262
0.241364
0.23246
0.223551
0.214637
0.205719
0.196797
0.187871
0.178942
0.17001
0.161076
0.152139
0.1432
0.134259
0.125316
0.116371
0.107425
0.0984782
0.0895298
0.0805803
0.0716298
0.0626784
0.0537263
0.0447733
0.0358198
0.0268656
0.0179109
0.00895566
