1000
0.00885237
0.0176069
0.0262646
0.0348264
0.0432933
0.0516661
0.0599459
0.0681336
0.07623
0.0842362
0.0921529
0.0999811
0.107722
0.115375
0.122943
0.130426
0.137825
0.14514
0.152373
0.159524
0.166594
0.173584
0.180494
0.187326
0.194081
0.200758
0.207359
0.213885
0.220336
0.226713
0.233017
0.239248
0.245408
0.251496
0.257514
0.263463
0.269342
0.275154
0.280897
0.286574
0.292185
0.29773
0.30321
0.308625
0.313977
0.319266
0.324493
0.329657
0.334761
0.339804
0.344787
0.349711
0.354576
0.359382
0.364132
0.368824
0.373459
0.378039
0.382563
0.387033
0.391448
0.39581
0.400118
0.404374
0.408577
0.412729
0.41683
0.420881
0.424881
0.428831
0.432733
0.436586
0.44039
0.444148
0.447857
0.451521
0.455138
0.458709
0.462235
0.465716
0.469152
0.472545
0.475894
0.4792
0.482463
0.485684
0.488863
0.492
0.495097
0.498153
0.501169
0.504145
0.507081
0.509979
0.512838
0.515658
0.518441
0.521187
0.523895
0.526566
0.529201
0.5318
0.534364
0.536892
0.539385
0.541843
0.544267
0.546658
0.549014
0.551338
0.553628
0.555886
0.558112
0.560305
0.562467
0.564598
0.566698
0.568767
0.570805
0.572814
0.574793
0.576742
0.578662
0.580553
0.582415
0.584249
0.586056
0.587834
0.589585
0.591308
0.593005
0.594674
0.596318
0.597935
0.599527
0.601092
0.602633
0.604148
0.605638
0.607104
0.608545
0.609962
0.611355
0.612725
0.614071
0.615393
0.616693
0.61797
0.619225
0.620457
0.621667
0.622856
0.624022
0.625168
0.626292
0.627395
0.628477
0.629539
0.63058
0.631601
0.632602
0.633583
0.634545
0.635487
0.636411
0.637315
0.6382
0.639067
0.639915
0.640745
0.641557
0.642351
0.643127
0.643886
0.644627
0.645351
0.646059
0.646749
0.647422
0.648079
0.64872
0.649345
0.649953
0.650546
0.651122
0.651684
0.65223
0.65276
0.653276
0.653776
0.654262
0.654733
0.65519
0.655632
0.65606
0.656474
0.656874
0.65726
0.657632
0.657991
0.658337
0.658669
0.658988
0.659294
0.659587
0.659868
0.660136
0.660391
0.660634
0.660865
0.661084
0.66129
0.661485
0.661668
0.661839
0.661999
0.662148
0.662285
0.662411
0.662525
0.662629
0.662722
0.662804
0.662876
0.662937
0.662988
0.663028
0.663058
0.663078
0.663088
0.663088
0.663078
0.663058
0.663029
0.66299
0.662942
0.662884
0.662817
0.662741
0.662656
0.662562
0.662459
0.662347
0.662227
0.662098
0.66196
0.661814
0.661659
0.661497
0.661326
0.661146
0.660959
0.660764
0.660561
0.66035
0.660131
0.659905
0.659671
0.65943
0.659181
0.658925
0.658661
0.658391
0.658113
0.657828
0.657536
0.657237
0.656932
0.656619
0.6563
0.655974
0.655642
0.655303
0.654957
0.654606
0.654248
0.653883
0.653512
0.653136
0.652753
0.652364
0.651969
0.651568
0.651162
0.650749
0.650331
0.649907
0.649478
0.649043
0.648603
0.648157
0.647705
0.647249
0.646787
0.646319
0.645847
0.645369
0.644887
0.644399
0.643907
0.643409
0.642906
0.642399
0.641887
0.64137
0.640849
0.640323
0.639792
0.639257
0.638717
0.638172
0.637624
0.637071
0.636513
0.635951
0.635385
0.634815
0.634241
0.633663
0.63308
0.632493
0.631903
0.631308
0.63071
0.630107
0.629501
0.628891
0.628278
0.62766
0.627039
0.626414
0.625786
0.625154
0.624518
0.623879
0.623236
0.62259
0.621941
0.621288
0.620632
0.619972
0.61931
0.618644
0.617974
0.617302
0.616627
0.615948
0.615266
0.614581
0.613894
0.613203
0.612509
0.611812
0.611113
0.61041
0.609705
0.608997
0.608286
0.607572
0.606856
0.606137
0.605415
0.60469
0.603963
0.603234
0.602501
0.601766
0.601029
0.600289
0.599547
0.598802
0.598055
0.597305
0.596553
0.595799
0.595042
0.594283
0.593522
0.592758
0.591992
0.591224
0.590454
0.589682
0.588907
0.588131
0.587352
0.586571
0.585788
0.585003
0.584216
0.583427
0.582636
0.581843
0.581048
0.580251
0.579452
0.578652
0.577849
0.577045
0.576238
0.57543
0.574621
0.573809
0.572996
0.57218
0.571364
0.570545
0.569725
0.568903
0.568079
0.567254
0.566427
0.565599
0.564768
0.563937
0.563104
0.562269
0.561432
0.560595
0.559755
0.558914
0.558072
0.557228
0.556383
0.555537
0.554689
0.553839
0.552988
0.552136
0.551283
0.550428
0.549571
0.548714
0.547855
0.546995
0.546133
0.545271
0.544407
0.543541
0.542675
0.541807
0.540939
0.540068
0.539197
0.538325
0.537451
0.536577
0.535701
0.534824
0.533946
0.533066
0.532186
0.531305
0.530422
0.529539
0.528654
0.527769
0.526882
0.525994
0.525106
0.524216
0.523325
0.522434
0.521541
0.520648
0.519753
0.518858
0.517962
0.517064
0.516166
0.515267
0.514367
0.513466
0.512564
0.511662
0.510758
0.509854
0.508949
0.508043
0.507136
0.506228
0.50532
0.504411
0.503501
0.50259
0.501678
0.500766
0.499853
0.498939
0.498024
0.497109
0.496193
0.495276
0.494358
0.49344
0.492521
0.491601
0.490681
0.48976
0.488838
0.487916
0.486993
0.486069
0.485145
0.48422
0.483294
0.482368
0.481441
0.480514
0.479586
0.478657
0.477728
0.476798
0.475867
0.474936
0.474004
0.473072
0.472139
0.471206
0.470272
0.469338
0.468403
0.467467
0.466531
0.465595
0.464658
0.46372
0.462782
0.461843
0.460904
0.459964
0.459024
0.458084
0.457143
0.456201
0.455259
0.454316
0.453373
0.45243
0.451486
0.450542
0.449597
0.448652
0.447706
0.44676
0.445814
0.444867
0.443919
0.442972
0.442023
0.441075
0.440126
0.439177
0.438227
0.437277
0.436326
0.435375
0.434424
0.433472
0.43252
0.431568
0.430615
0.429662
0.428708
0.427754
0.4268
0.425846
0.424891
0.423935
0.42298
0.422024
0.421068
0.420111
0.419154
0.418197
0.41724
0.416282
0.415324
0.414365
0.413406
0.412447
0.411488
0.410528
0.409569
0.408608
0.407648
0.406687
0.405726
0.404765
0.403803
0.402841
0.401879
0.400916
0.399954
0.398991
0.398028
0.397064
0.3961
0.395136
0.394172
0.393208
0.392243
0.391278
0.390313
0.389347
0.388382
0.387416
0.38645
0.385483
0.384517
0.38355
0.382583
0.381616
0.380648
0.37968
0.378713
0.377744
0.376776
0.375808
0.374839
0.37387
0.372901
0.371932
0.370962
0.369992
0.369022
0.368052
0.367082
0.366112
0.365141
0.36417
0.363199
0.362228
0.361257
0.360285
0.359313
0.358341
0.357369
0.356397
0.355425
0.354452
0.353479
0.352507
0.351533
0.35056
0.349587
0.348613
0.34764
0.346666
0.345692
0.344718
0.343744
0.342769
0.341795
0.34082
0.339845
0.33887
0.337895
0.33692
0.335944
0.334969
0.333993
0.333017
0.332041
0.331065
0.330089
0.329113
0.328136
0.32716
0.326183
0.325206
0.324229
0.323252
0.322275
0.321298
0.32032
0.319343
0.318365
0.317387
0.316409
0.315431
0.314453
0.313475
0.312497
0.311518
0.31054
0.309561
0.308582
0.307604
0.306625
0.305646
0.304667
0.303687
0.302708
0.301729
0.300749
0.299769
0.29879
0.29781
0.29683
0.29585
0.29487
0.29389
0.29291
0.291929
0.290949
0.289968
0.288988
0.288007
0.287026
0.286045
0.285065
0.284084
0.283102
0.282121
0.28114
0.280159
0.279177
0.278196
0.277214
0.276233
0.275251
0.274269
0.273287
0.272306
0.271324
0.270342
0.269359
0.268377
0.267395
0.266413
0.26543
0.264448
0.263465
0.262483
0.2615
0.260517
0.259535
0.258552
0.257569
0.256586
0.255603
0.25462
0.253637
0.252653
0.25167
0.250687
0.249704
0.24872
0.247737
0.246753
0.24577
0.244786
0.243802
0.242818
0.241835
0.240851
0.239867
0.238883
0.237899
0.236915
0.235931
0.234947
0.233962
0.232978
0.231994
0.23101
0.230025
0.229041
0.228056
0.227072
0.226087
0.225102
0.224118
0.223133
0.222148
0.221164
0.220179
0.219194
0.218209
0.217224
0.216239
0.215254
0.214269
0.213284
0.212299
0.211313
0.210328
0.209343
0.208358
0.207372
0.206387
0.205402
0.204416
0.203431
0.202445
0.20146
0.200474
0.199488
0.198503
0.197517
0.196531
0.195546
0.19456
0.193574
0.192588
0.191602
0.190616
0.18963
0.188644
0.187658
0.186672
0.185686
0.1847
0.183714
0.182728
0.181742
0.180755
0.179769
0.178783
0.177797
0.17681
0.175824
0.174838
0.173851
0.172865
0.171878
0.170892
0.169905
0.168919
0.167932
0.166946
0.165959
0.164973
0.163986
0.162999
0.162012
0.161026
0.160039
0.159052
0.158065
0.157079
0.156092
0.155105
0.154118
0.153131
0.152144
0.151157
0.15017
0.149183
0.148196
0.147209
0.146222
0.145235
0.144248
0.143261
0.142274
0.141287
0.1403
0.139313
0.138325
0.137338
0.136351
0.135364
0.134376
0.133389
0.132402
0.131415
0.130427
0.12944
0.128453
0.127465
0.126478
0.12549
0.124503
0.123515
0.122528
0.121541
0.120553
0.119566
0.118578
0.11759
0.116603
0.115615
0.114628
0.11364
0.112653
0.111665
0.110677
0.10969
0.108702
0.107714
0.106727
0.105739
0.104751
0.103763
0.102776
0.101788
0.1008
0.0998124
0.0988246
0.0978368
0.096849
0.0958612
0.0948734
0.0938855
0.0928976
0.0919098
0.0909219
0.089934
0.0889461
0.0879582
0.0869702
0.0859823
0.0849943
0.0840064
0.0830184
0.0820304
0.0810424
0.0800544
0.0790664
0.0780784
0.0770903
0.0761023
0.0751142
0.0741262
0.0731381
0.07215
0.0711619
0.0701738
0.0691857
0.0681976
0.0672095
0.0662213
0.0652332
0.064245
0.0632569
0.0622687
0.0612805
0.0602923
0.0593041
0.0583159
0.0573277
0.0563395
0.0553513
0.054363
0.0533748
0.0523866
0.0513983
0.05041
0.0494218
0.0484335
0.0474452
0.0464569
0.0454686
0.0444803
0.043492
0.0425036
0.0415153
0.040527
0.0395386
0.0385503
0.0375619
0.0365735
0.0355852
0.0345968
0.0336084
0.03262
0.0316316
0.0306432
0.0296548
0.0286664
0.027678
0.0266896
0.0257011
0.0247127
0.0237242
0.0227358
0.0217473
0.0207589
0.0197704
0.0187819
0.0177935
0.016805
0.0158165
0.014828
0.0138395
0.012851
0.0118625
0.010874
0.00988545
0.00889693
0.0079084
0.00691987
0.00593133
0.00494279
0.00395424
0.00296569
0.00197713
0.000988566
