402
0
0.000258226
0.00051642
0.000777775
0.00104227
0.00130988
0.0015806
0.0018544
0.00213127
0.00241119
0.00269415
0.00298012
0.00326909
0.00356103
0.00385593
0.00415378
0.00445453
0.00475819
0.00506472
0.00537411
0.00568632
0.00600135
0.00631917
0.00663974
0.00696307
0.00728909
0.00761782
0.00794921
0.00828324
0.00861988
0.00895911
0.0093009
0.00964522
0.00999205
0.0103414
0.0106931
0.0110473
0.0114039
0.0117628
0.012124
0.0124876
0.0128534
0.0132215
0.0135917
0.0139642
0.0143387
0.0147154
0.0150942
0.015475
0.0158578
0.0162425
0.0166292
0.0170178
0.0174083
0.0178006
0.0181947
0.0185905
0.0189881
0.0193873
0.0197882
0.0201907
0.0205947
0.0210003
0.0214073
0.0218158
0.0222257
0.022637
0.0230496
0.0234635
0.0238786
0.0242949
0.0247124
0.025131
0.0255507
0.0259714
0.0263931
0.0268157
0.0272393
0.0276637
0.0280889
0.0285149
0.0289416
0.0293689
0.029797
0.0302256
0.0306547
0.0310844
0.0315144
0.0319449
0.0323758
0.032807
0.0332384
0.03367
0.0341019
0.0345338
0.0349658
0.0353978
0.0358298
0.0362618
0.0366936
0.0371253
0.0375567
0.0379879
0.0384187
0.0388492
0.0392793
0.0397089
0.040138
0.0405665
0.0409944
0.0414217
0.0418483
0.042274
0.042699
0.0431231
0.0435463
0.0439685
0.0443898
0.0448099
0.0452289
0.0456468
0.0460635
0.0464788
0.0468929
0.0473056
0.0477169
0.0481267
0.0485349
0.0489416
0.0493467
0.0497501
0.0501518
0.0505517
0.0509498
0.051346
0.0517402
0.0521325
0.0525228
0.052911
0.053297
0.0536809
0.0540626
0.0544419
0.054819
0.0551936
0.0555658
0.0559356
0.0563028
0.0566674
0.0570294
0.0573888
0.0577454
0.0580992
0.0584502
0.0587984
0.0591436
0.0594859
0.0598251
0.0601613
0.0604944
0.0608243
0.061151
0.0614744
0.0617946
0.0621114
0.0624248
0.0627348
0.0630413
0.0633443
0.0636437
0.0639394
0.0642316
0.06452
0.0648046
0.0650855
0.0653625
0.0656357
0.0659049
0.0661702
0.0664314
0.0666887
0.0669418
0.0671907
0.0674356
0.0676761
0.0679125
0.0681445
0.0683722
0.0685956
0.0688145
0.069029
0.069239
0.0694445
0.0696454
0.0698417
0.0700333
0.0702204
0.0704027
0.0705802
0.070753
0.070921
0.0710841
0.0712424
0.0713957
0.0715441
0.0716876
0.071826
0.0719594
0.0720877
0.072211
0.0723291
0.0724421
0.0725499
0.0726524
0.0727498
0.0728418
0.0729286
0.0730101
0.0730862
0.073157
0.0732223
0.0732823
0.0733368
0.0733859
0.0734294
0.0734675
0.0735001
0.0735271
0.0735485
0.0735644
0.0735746
0.0735792
0.0735782
0.0735716
0.0735592
0.0735412
0.0735175
0.073488
0.0734529
0.0734119
0.0733653
0.0733128
0.0732546
0.0731906
0.0731207
0.0730451
0.0729636
0.0728763
0.0727832
0.0726842
0.0725794
0.0724687
0.0723521
0.0722297
0.0721014
0.0719673
0.0718272
0.0716813
0.0715294
0.0713717
0.0712082
0.0710387
0.0708633
0.0706821
0.070495
0.070302
0.0701031
0.0698984
0.0696878
0.0694713
0.069249
0.0690209
0.0687869
0.0685471
0.0683014
0.06805
0.0677927
0.0675297
0.0672609
0.0669863
0.066706
0.0664199
0.0661281
0.0658306
0.0655274
0.0652185
0.064904
0.0645838
0.064258
0.0639265
0.0635895
0.0632469
0.0628988
0.0625452
0.062186
0.0618214
0.0614513
0.0610757
0.0606948
0.0603085
0.0599168
0.0595198
0.0591174
0.0587098
0.058297
0.0578789
0.0574557
0.0570273
0.0565937
0.0561551
0.0557114
0.0552626
0.0548089
0.0543502
0.0538866
0.053418
0.0529447
0.0524665
0.0519835
0.0514957
0.0510033
0.0505062
0.0500044
0.0494981
0.0489872
0.0484718
0.0479519
0.0474277
0.046899
0.046366
0.0458287
0.0452871
0.0447414
0.0441915
0.0436374
0.0430793
0.0425172
0.0419511
0.0413811
0.0408073
0.0402296
0.0396481
0.0390629
0.038474
0.0378815
0.0372854
0.0366858
0.0360828
0.0354763
0.0348665
0.0342534
0.033637
0.0330174
0.0323947
0.0317689
0.0311401
0.0305083
0.0298736
0.0292361
0.0285957
0.0279526
0.0273069
0.0266585
0.0260075
0.0253541
0.0246982
0.0240399
0.0233794
0.0227165
0.0220515
0.0213843
0.0207151
0.0200439
0.0193707
0.0186956
0.0180187
0.0173401
0.0166598
0.0159779
0.0152944
0.0146094
0.013923
0.0132352
0.0125461
0.0118558
0.0111644
0.0104718
0.00977826
0.00908372
0.00838829
0.00769203
0.00699502
0.00629732
0.00559899
0.00490011
0.00420075
0.00350097
0.00280085
0.00210046
0.00139984
0.000699099
0
