402
0
0.0014455
0.00289008
0.00435089
0.00582708
0.00731778
0.00882214
0.0103393
0.0118684
0.0134085
0.0149587
0.0165183
0.0180861
0.0196614
0.0212432
0.0228306
0.0244227
0.0260186
0.0276172
0.0292178
0.0308193
0.0324208
0.0340214
0.0356202
0.0372162
0.0388086
0.0403963
0.0419785
0.0435542
0.0451227
0.0466829
0.0482339
0.049775
0.0513052
0.0528237
0.0543296
0.055822
0.0573003
0.0587635
0.0602108
0.0616415
0.0630547
0.0644498
0.065826
0.0671826
0.0685188
0.0698341
0.0711276
0.0723988
0.073647
0.0748716
0.0760721
0.0772477
0.0783981
0.0795227
0.0806209
0.0816922
0.0827363
0.0837526
0.0847407
0.0857002
0.0866309
0.0875322
0.0884038
0.0892456
0.0900571
0.0908381
0.0915884
0.0923077
0.0929959
0.0936528
0.0942783
0.0948722
0.0954344
0.0959649
0.0964635
0.0969303
0.0973653
0.0977685
0.0981398
0.0984794
0.0987874
0.0990638
0.0993087
0.0995224
0.0997049
0.0998564
0.0999772
0.100067
0.100127
0.100157
0.100157
0.100128
0.100069
0.0999817
0.0998657
0.0997216
0.0995496
0.0993502
0.0991238
0.0988708
0.0985915
0.0982866
0.0979563
0.0976012
0.0972217
0.0968183
0.0963915
0.0959418
0.0954697
0.0949757
0.0944603
0.0939241
0.0933676
0.0927914
0.0921959
0.0915818
0.0909495
0.0902997
0.0896329
0.0889497
0.0882506
0.0875363
0.0868072
0.086064
0.0853071
0.0845373
0.083755
0.0829609
0.0821554
0.0813392
0.0805128
0.0796768
0.0788317
0.077978
0.0771164
0.0762474
0.0753714
0.0744891
0.0736009
0.0727074
0.0718091
0.0709065
0.07
0.0690903
0.0681777
0.0672628
0.066346
0.0654278
0.0645086
0.0635888
0.062669
0.0617496
0.0608309
0.0599133
0.0589974
0.0580833
0.0571717
0.0562627
0.0553568
0.0544543
0.0535556
0.052661
0.0517708
0.0508854
0.0500049
0.0491298
0.0482603
0.0473967
0.0465392
0.045688
0.0448436
0.0440059
0.0431754
0.0423521
0.0415364
0.0407283
0.0399281
0.039136
0.038352
0.0375765
0.0368094
0.036051
0.0353013
0.0345606
0.0338288
0.0331062
0.0323927
0.0316885
0.0309937
0.0303084
0.0296325
0.0289661
0.0283094
0.0276622
0.0270248
0.026397
0.0257789
0.0251706
0.024572
0.023983
0.0234038
0.0228343
0.0222745
0.0217244
0.0211839
0.0206529
0.0201316
0.0196197
0.0191173
0.0186243
0.0181407
0.0176664
0.0172012
0.0167453
0.0162984
0.0158606
0.0154316
0.0150115
0.0146002
0.0141975
0.0138035
0.0134179
0.0130407
0.0126718
0.0123111
0.0119585
0.0116138
0.0112771
0.0109482
0.0106269
0.0103132
0.0100069
0.00970799
0.00941631
0.00913176
0.00885421
0.00858355
0.00831968
0.00806247
0.00781182
0.0075676
0.00732972
0.00709805
0.00687246
0.00665287
0.00643915
0.00623118
0.00602887
0.00583208
0.00564071
0.00545466
0.00527382
0.00509807
0.0049273
0.00476141
0.0046003
0.00444386
0.00429198
0.00414456
0.0040015
0.0038627
0.00372807
0.00359749
0.00347088
0.00334814
0.00322918
0.00311389
0.0030022
0.00289401
0.00278923
0.00268778
0.00258957
0.00249451
0.00240252
0.00231353
0.00222744
0.00214418
0.00206367
0.00198585
0.00191063
0.00183794
0.00176771
0.00169987
0.00163435
0.00157108
0.00151
0.00145105
0.00139416
0.00133926
0.00128631
0.00123524
0.00118599
0.00113851
0.00109274
0.00104864
0.00100613
0.000965192
0.000925757
0.000887776
0.000851215
0.000816015
0.000782137
0.000749538
0.000718177
0.000688006
0.000658993
0.000631092
0.000604275
0.000578493
0.000553718
0.00052991
0.000507046
0.000485081
0.000463986
0.000443735
0.000424296
0.000405638
0.000387735
0.000370555
0.000354078
0.000338274
0.000323127
0.000308598
0.00029467
0.000281329
0.00026854
0.000256288
0.00024456
0.000233318
0.000222556
0.000212258
0.000202397
0.000192962
0.000183932
0.000175298
0.000167035
0.000159133
0.000151577
0.000144357
0.000137456
0.000130855
0.00012455
0.000118534
0.000112778
0.000107285
0.00010204
9.70297e-05
9.22473e-05
8.76827e-05
8.33246e-05
7.91728e-05
7.52011e-05
7.14158e-05
6.78104e-05
6.43654e-05
6.10809e-05
5.79504e-05
5.49626e-05
5.21209e-05
4.94021e-05
4.68162e-05
4.43508e-05
4.19985e-05
3.97596e-05
3.76219e-05
3.55828e-05
3.36446e-05
3.17941e-05
3.00269e-05
2.83454e-05
2.67434e-05
2.52133e-05
2.37527e-05
2.23619e-05
2.1026e-05
1.97589e-05
1.85422e-05
1.73792e-05
1.62703e-05
1.52033e-05
1.41825e-05
1.32068e-05
1.2265e-05
1.13628e-05
1.04922e-05
9.65537e-06
8.84733e-06
8.06278e-06
7.31e-06
6.57378e-06
5.86173e-06
5.16679e-06
4.48629e-06
3.82507e-06
3.16842e-06
2.53063e-06
1.89508e-06
1.26484e-06
6.42533e-07
2.50118e-08
0
