402
0
4.50286e-05
9.00412e-05
0.000135585
0.000181647
0.000228213
0.000275271
0.000322805
0.000370804
0.000419253
0.000468138
0.000517446
0.000567162
0.000617271
0.000667759
0.000718612
0.000769814
0.00082135
0.000873205
0.000925364
0.000977811
0.00103053
0.00108351
0.00113672
0.00119017
0.00124382
0.00129767
0.00135169
0.00140587
0.0014602
0.00151465
0.00156922
0.00162388
0.00167862
0.00173342
0.00178827
0.00184314
0.00189803
0.00195291
0.00200778
0.0020626
0.00211737
0.00217207
0.00222668
0.00228119
0.00233558
0.00238983
0.00244393
0.00249786
0.0025516
0.00260514
0.00265847
0.00271156
0.00276441
0.00281699
0.00286929
0.00292129
0.00297299
0.00302436
0.00307539
0.00312606
0.00317636
0.00322628
0.00327581
0.00332492
0.0033736
0.00342184
0.00346963
0.00351695
0.00356379
0.00361014
0.00365598
0.00370131
0.0037461
0.00379035
0.00383405
0.00387718
0.00391973
0.0039617
0.00400306
0.00404382
0.00408396
0.00412347
0.00416233
0.00420055
0.00423811
0.00427501
0.00431122
0.00434676
0.0043816
0.00441574
0.00444917
0.00448189
0.00451389
0.00454515
0.00457569
0.00460548
0.00463452
0.00466282
0.00469035
0.00471713
0.00474313
0.00476837
0.00479283
0.00481651
0.00483941
0.00486153
0.00488285
0.00490339
0.00492313
0.00494208
0.00496023
0.00497759
0.00499415
0.0050099
0.00502486
0.00503902
0.00505238
0.00506494
0.0050767
0.00508766
0.00509783
0.0051072
0.00511578
0.00512357
0.00513057
0.00513678
0.00514221
0.00514686
0.00515073
0.00515383
0.00515616
0.00515773
0.00515853
0.00515858
0.00515787
0.00515642
0.00515423
0.0051513
0.00514764
0.00514326
0.00513816
0.00513234
0.00512583
0.00511861
0.0051107
0.0051021
0.00509283
0.00508288
0.00507228
0.00506101
0.00504911
0.00503656
0.00502338
0.00500957
0.00499516
0.00498013
0.00496451
0.0049483
0.00493151
0.00491415
0.00489623
0.00487776
0.00485875
0.0048392
0.00481913
0.00479854
0.00477745
0.00475586
0.0047338
0.00471125
0.00468824
0.00466478
0.00464087
0.00461652
0.00459176
0.00456657
0.00454099
0.00451501
0.00448864
0.00446191
0.00443481
0.00440735
0.00437956
0.00435143
0.00432298
0.00429421
0.00426515
0.0042358
0.00420616
0.00417625
0.00414608
0.00411566
0.004085
0.00405411
0.004023
0.00399168
0.00396016
0.00392844
0.00389655
0.00386448
0.00383225
0.00379987
0.00376735
0.00373469
0.0037019
0.00366901
0.003636
0.0036029
0.00356971
0.00353644
0.0035031
0.0034697
0.00343625
0.00340275
0.00336922
0.00333566
0.00330207
0.00326848
0.00323488
0.00320129
0.0031677
0.00313414
0.0031006
0.0030671
0.00303364
0.00300023
0.00296687
0.00293358
0.00290035
0.0028672
0.00283413
0.00280115
0.00276827
0.00273548
0.00270281
0.00267024
0.0026378
0.00260547
0.00257328
0.00254122
0.0025093
0.00247753
0.00244591
0.00241444
0.00238313
0.00235198
0.00232101
0.0022902
0.00225957
0.00222913
0.00219887
0.00216879
0.00213891
0.00210923
0.00207974
0.00205045
0.00202138
0.00199251
0.00196385
0.0019354
0.00190718
0.00187917
0.00185138
0.00182382
0.00179649
0.00176938
0.0017425
0.00171586
0.00168945
0.00166328
0.00163734
0.00161164
0.00158618
0.00156097
0.00153599
0.00151126
0.00148677
0.00146253
0.00143854
0.00141479
0.00139129
0.00136803
0.00134502
0.00132226
0.00129975
0.00127749
0.00125548
0.00123371
0.00121219
0.00119092
0.0011699
0.00114912
0.00112859
0.00110831
0.00108827
0.00106848
0.00104893
0.00102963
0.00101056
0.000991741
0.000973159
0.000954817
0.000936713
0.000918846
0.000901215
0.000883818
0.000866656
0.000849724
0.000833022
0.000816549
0.000800304
0.000784284
0.000768488
0.000752915
0.000737562
0.000722428
0.000707511
0.000692809
0.00067832
0.000664043
0.000649975
0.000636115
0.000622461
0.00060901
0.00059576
0.00058271
0.000569857
0.000557199
0.000544734
0.000532459
0.000520373
0.000508473
0.000496757
0.000485223
0.000473868
0.000462691
0.000451688
0.000440858
0.000430197
0.000419704
0.000409377
0.000399212
0.000389208
0.000379362
0.000369671
0.000360134
0.000350747
0.000341508
0.000332415
0.000323464
0.000314655
0.000305984
0.000297448
0.000289046
0.000280774
0.00027263
0.000264611
0.000256715
0.00024894
0.000241282
0.00023374
0.000226309
0.00021899
0.000211777
0.000204668
0.000197662
0.000190756
0.000183946
0.000177231
0.000170607
0.000164071
0.000157622
0.000151257
0.000144973
0.000138766
0.000132634
0.000126576
0.000120587
0.000114665
0.000108808
0.000103012
9.7275e-05
9.1594e-05
8.59661e-05
8.03879e-05
7.48575e-05
6.93711e-05
6.39268e-05
5.85205e-05
5.31496e-05
4.78116e-05
4.25027e-05
3.72205e-05
3.19619e-05
2.67228e-05
2.15009e-05
1.62927e-05
1.10953e-05
5.90506e-06
7.18499e-07
0
