402
0
0.000105528
0.000210989
0.000317635
0.000425403
0.000534231
0.000644057
0.000754816
0.000866446
0.000978881
0.00109206
0.00120591
0.00132037
0.00143537
0.00155085
0.00166674
0.00178297
0.00189948
0.00201619
0.00213303
0.00224995
0.00236687
0.00248372
0.00260044
0.00271696
0.0028332
0.00294911
0.00306462
0.00317966
0.00329416
0.00340806
0.0035213
0.0036338
0.00374552
0.00385637
0.00396631
0.00407527
0.00418318
0.00429
0.00439566
0.00450011
0.00460329
0.00470513
0.0048056
0.00490464
0.00500219
0.00509821
0.00519264
0.00528545
0.00537657
0.00546597
0.00555361
0.00563944
0.00572342
0.00580552
0.00588569
0.00596391
0.00604013
0.00611432
0.00618646
0.00625651
0.00632445
0.00639025
0.00645389
0.00651534
0.00657458
0.0066316
0.00668637
0.00673889
0.00678913
0.00683709
0.00688275
0.00692611
0.00696715
0.00700588
0.00704228
0.00707636
0.00710812
0.00713755
0.00716466
0.00718945
0.00721193
0.00723211
0.00724999
0.00726559
0.00727892
0.00728998
0.00729879
0.00730538
0.00730975
0.00731193
0.00731194
0.00730979
0.00730551
0.00729913
0.00729066
0.00728013
0.00726758
0.00725302
0.00723649
0.00721802
0.00719764
0.00717537
0.00715126
0.00712534
0.00709763
0.00706818
0.00703702
0.00700419
0.00696973
0.00693366
0.00689604
0.00685689
0.00681627
0.0067742
0.00673073
0.00668589
0.00663973
0.00659229
0.00654362
0.00649374
0.0064427
0.00639055
0.00633732
0.00628307
0.00622781
0.00617161
0.0061145
0.00605653
0.00599772
0.00593814
0.00587781
0.00581677
0.00575508
0.00569276
0.00562985
0.00556641
0.00550246
0.00543805
0.00537321
0.00530798
0.0052424
0.0051765
0.00511033
0.00504391
0.00497729
0.00491049
0.00484356
0.00477653
0.00470942
0.00464228
0.00457513
0.004508
0.00444093
0.00437395
0.00430708
0.00424035
0.0041738
0.00410744
0.0040413
0.00397542
0.00390981
0.0038445
0.00377951
0.00371487
0.00365059
0.0035867
0.00352322
0.00346017
0.00339757
0.00333544
0.00327379
0.00321264
0.003152
0.0030919
0.00303235
0.00297335
0.00291494
0.00285711
0.00279988
0.00274325
0.00268725
0.00263189
0.00257716
0.00252308
0.00246966
0.0024169
0.00236482
0.00231341
0.00226269
0.00221265
0.00216331
0.00211466
0.00206671
0.00201947
0.00197293
0.0019271
0.00188198
0.00183757
0.00179387
0.00175087
0.00170859
0.00166701
0.00162614
0.00158598
0.00154652
0.00150776
0.0014697
0.00143233
0.00139565
0.00135966
0.00132435
0.00128973
0.00125577
0.00122248
0.00118986
0.00115789
0.00112658
0.00109591
0.00106588
0.00103649
0.00100772
0.000979566
0.000952029
0.000925097
0.000898764
0.000873022
0.000847864
0.000823281
0.000799266
0.000775811
0.000752909
0.00073055
0.000708728
0.000687434
0.00066666
0.000646398
0.000626639
0.000607375
0.000588598
0.000570299
0.00055247
0.000535103
0.00051819
0.000501722
0.00048569
0.000470088
0.000454905
0.000440135
0.000425769
0.000411798
0.000398216
0.000385013
0.000372182
0.000359716
0.000347605
0.000335843
0.000324422
0.000313334
0.000302572
0.000292128
0.000281995
0.000272166
0.000262633
0.00025339
0.00024443
0.000235745
0.000227329
0.000219174
0.000211276
0.000203627
0.00019622
0.00018905
0.000182111
0.000175395
0.000168898
0.000162613
0.000156535
0.000150658
0.000144977
0.000139485
0.000134178
0.000129051
0.000124098
0.000119315
0.000114696
0.000110237
0.000105933
0.00010178
9.77725e-05
9.39067e-05
9.01781e-05
8.65829e-05
8.31165e-05
7.97753e-05
7.65554e-05
7.34524e-05
7.04635e-05
6.75845e-05
6.48117e-05
6.21426e-05
5.95729e-05
5.70996e-05
5.47197e-05
5.24303e-05
5.02276e-05
4.81095e-05
4.60726e-05
4.41149e-05
4.22326e-05
4.0424e-05
3.86859e-05
3.70167e-05
3.54131e-05
3.38731e-05
3.23947e-05
3.09756e-05
2.96135e-05
2.83065e-05
2.70522e-05
2.58493e-05
2.46956e-05
2.35898e-05
2.25291e-05
2.15123e-05
2.05383e-05
1.96047e-05
1.87102e-05
1.7854e-05
1.70333e-05
1.62476e-05
1.54958e-05
1.47759e-05
1.40871e-05
1.34279e-05
1.27975e-05
1.21943e-05
1.16175e-05
1.10658e-05
1.05387e-05
1.00349e-05
9.55303e-06
9.09273e-06
8.65354e-06
8.2333e-06
7.83232e-06
7.44938e-06
7.08362e-06
6.73448e-06
6.40124e-06
6.08308e-06
5.77998e-06
5.49002e-06
5.21368e-06
4.95047e-06
4.69897e-06
4.45919e-06
4.23065e-06
4.01252e-06
3.80507e-06
3.60658e-06
3.4178e-06
3.23781e-06
3.06608e-06
2.90264e-06
2.74657e-06
2.59771e-06
2.45621e-06
2.32112e-06
2.1921e-06
2.06934e-06
1.9524e-06
1.84069e-06
1.73406e-06
1.63252e-06
1.535e-06
1.44249e-06
1.35367e-06
1.26876e-06
1.18781e-06
1.10991e-06
1.03539e-06
9.64156e-07
8.95404e-07
8.29536e-07
7.65981e-07
7.04887e-07
6.45896e-07
5.8862e-07
5.33663e-07
4.79916e-07
4.27933e-07
3.77199e-07
3.2752e-07
2.79247e-07
2.31309e-07
1.84748e-07
1.38349e-07
9.23394e-08
4.69079e-08
1.82598e-09
0
