402
0
1.46398e-05
2.92777e-05
4.40948e-05
5.909e-05
7.42617e-05
8.96096e-05
0.000105132
0.000120829
0.000136699
0.000152741
0.000168953
0.000185336
0.000201887
0.000218606
0.000235492
0.000252543
0.000269758
0.000287137
0.000304677
0.000322378
0.000340238
0.000358256
0.00037643
0.000394761
0.000413244
0.000431881
0.000450668
0.000469606
0.000488691
0.000507923
0.0005273
0.000546821
0.000566484
0.000586287
0.00060623
0.000626309
0.000646524
0.000666873
0.000687354
0.000707964
0.000728704
0.000749571
0.000770562
0.000791677
0.000812913
0.000834268
0.000855741
0.00087733
0.000899032
0.000920846
0.000942769
0.0009648
0.000986937
0.00100918
0.00103152
0.00105396
0.0010765
0.00109913
0.00112186
0.00114468
0.00116759
0.00119058
0.00121366
0.00123682
0.00126005
0.00128337
0.00130676
0.00133023
0.00135376
0.00137736
0.00140103
0.00142477
0.00144856
0.00147241
0.00149632
0.00152028
0.00154429
0.00156835
0.00159246
0.00161661
0.0016408
0.00166503
0.00168929
0.00171359
0.00173792
0.00176228
0.00178666
0.00181107
0.0018355
0.00185994
0.0018844
0.00190887
0.00193335
0.00195784
0.00198233
0.00200683
0.00203132
0.00205581
0.00208029
0.00210476
0.00212922
0.00215366
0.00217809
0.0022025
0.00222688
0.00225124
0.00227556
0.00229986
0.00232412
0.00234834
0.00237252
0.00239666
0.00242076
0.0024448
0.00246879
0.00249273
0.00251661
0.00254043
0.00256419
0.00258788
0.0026115
0.00263505
0.00265852
0.00268192
0.00270523
0.00272847
0.00275161
0.00277467
0.00279764
0.00282051
0.00284328
0.00286595
0.00288852
0.00291098
0.00293333
0.00295558
0.0029777
0.00299971
0.00302159
0.00304336
0.00306499
0.0030865
0.00310788
0.00312912
0.00315022
0.00317118
0.003192
0.00321267
0.0032332
0.00325357
0.00327379
0.00329385
0.00331375
0.00333349
0.00335306
0.00337246
0.00339169
0.00341075
0.00342964
0.00344834
0.00346686
0.0034852
0.00350335
0.00352131
0.00353908
0.00355665
0.00357403
0.00359121
0.00360818
0.00362495
0.00364151
0.00365786
0.003674
0.00368992
0.00370563
0.00372112
0.00373638
0.00375142
0.00376623
0.00378081
0.00379516
0.00380928
0.00382316
0.0038368
0.0038502
0.00386335
0.00387626
0.00388892
0.00390133
0.00391349
0.0039254
0.00393705
0.00394844
0.00395957
0.00397043
0.00398104
0.00399137
0.00400144
0.00401123
0.00402076
0.00403001
0.00403898
0.00404767
0.00405609
0.00406422
0.00407207
0.00407963
0.00408691
0.00409389
0.00410059
0.00410699
0.0041131
0.00411892
0.00412444
0.00412966
0.00413458
0.0041392
0.00414351
0.00414752
0.00415123
0.00415463
0.00415772
0.0041605
0.00416297
0.00416513
0.00416697
0.00416851
0.00416972
0.00417062
0.0041712
0.00417146
0.00417141
0.00417103
0.00417033
0.00416931
0.00416796
0.00416629
0.0041643
0.00416198
0.00415933
0.00415636
0.00415306
0.00414943
0.00414547
0.00414118
0.00413656
0.00413161
0.00412633
0.00412072
0.00411478
0.0041085
0.0041019
0.00409495
0.00408768
0.00408007
0.00407213
0.00406386
0.00405525
0.00404631
0.00403704
0.00402743
0.00401749
0.00400721
0.00399661
0.00398566
0.00397439
0.00396278
0.00395084
0.00393857
0.00392597
0.00391303
0.00389977
0.00388617
0.00387225
0.00385799
0.00384341
0.00382849
0.00381325
0.00379769
0.00378179
0.00376558
0.00374903
0.00373217
0.00371498
0.00369746
0.00367963
0.00366148
0.00364301
0.00362422
0.00360511
0.00358569
0.00356595
0.0035459
0.00352554
0.00350487
0.00348389
0.0034626
0.003441
0.0034191
0.00339689
0.00337438
0.00335157
0.00332847
0.00330506
0.00328136
0.00325736
0.00323307
0.00320849
0.00318363
0.00315847
0.00313303
0.00310731
0.0030813
0.00305502
0.00302845
0.00300162
0.00297451
0.00294712
0.00291947
0.00289155
0.00286337
0.00283493
0.00280622
0.00277726
0.00274804
0.00271856
0.00268884
0.00265887
0.00262865
0.00259819
0.00256749
0.00253654
0.00250537
0.00247396
0.00244232
0.00241045
0.00237836
0.00234604
0.00231351
0.00228075
0.00224779
0.00221461
0.00218122
0.00214763
0.00211384
0.00207985
0.00204566
0.00201128
0.0019767
0.00194194
0.001907
0.00187187
0.00183657
0.00180109
0.00176544
0.00172962
0.00169364
0.00165749
0.00162119
0.00158473
0.00154812
0.00151136
0.00147446
0.00143741
0.00140023
0.00136291
0.00132546
0.00128788
0.00125018
0.00121235
0.00117441
0.00113636
0.00109819
0.00105992
0.00102155
0.000983071
0.000944502
0.000905841
0.000867091
0.000828257
0.000789342
0.00075035
0.000711284
0.000672149
0.000632948
0.000593685
0.000554363
0.000514988
0.000475562
0.000436088
0.000396572
0.000357017
0.000317426
0.000277804
0.000238155
0.000198482
0.00015879
0.000119082
7.9362e-05
3.96344e-05
0
