402
0
0.000732316
0.00146437
0.00220507
0.00295419
0.00371151
0.00447682
0.0052499
0.00603051
0.00681846
0.0076135
0.00841541
0.00922396
0.0100389
0.01086
0.011687
0.0125198
0.0133579
0.0142012
0.0150495
0.0159025
0.0167599
0.0176215
0.018487
0.0193561
0.0202287
0.0211044
0.021983
0.0228642
0.0237477
0.0246333
0.0255208
0.0264097
0.0273
0.0281913
0.0290832
0.0299757
0.0308684
0.0317609
0.0326532
0.0335448
0.0344355
0.0353251
0.0362133
0.0370998
0.0379843
0.0388666
0.0397464
0.0406235
0.0414976
0.0423684
0.0432356
0.0440991
0.0449585
0.0458137
0.0466642
0.04751
0.0483508
0.0491862
0.0500161
0.0508402
0.0516584
0.0524702
0.0532756
0.0540743
0.054866
0.0556506
0.0564278
0.0571974
0.0579592
0.058713
0.0594586
0.0601957
0.0609242
0.0616438
0.0623545
0.0630559
0.063748
0.0644305
0.0651033
0.0657661
0.0664189
0.0670614
0.0676935
0.0683151
0.0689259
0.0695259
0.070115
0.0706929
0.0712595
0.0718147
0.0723585
0.0728906
0.0734109
0.0739195
0.074416
0.0749005
0.0753729
0.0758331
0.0762809
0.0767163
0.0771393
0.0775497
0.0779475
0.0783326
0.0787051
0.0790647
0.0794116
0.0797456
0.0800667
0.0803748
0.0806701
0.0809523
0.0812216
0.0814779
0.0817211
0.0819514
0.0821687
0.0823729
0.0825642
0.0827425
0.0829078
0.0830602
0.0831998
0.0833264
0.0834402
0.0835413
0.0836296
0.0837052
0.0837682
0.0838186
0.0838565
0.0838819
0.083895
0.0838958
0.0838843
0.0838607
0.0838251
0.0837775
0.0837179
0.0836467
0.0835637
0.0834692
0.0833631
0.0832457
0.0831171
0.0829773
0.0828265
0.0826648
0.0824923
0.0823091
0.0821154
0.0819113
0.081697
0.0814725
0.081238
0.0809937
0.0807396
0.080476
0.080203
0.0799206
0.0796292
0.0793288
0.0790195
0.0787016
0.0783752
0.0780404
0.0776974
0.0773463
0.0769874
0.0766207
0.0762465
0.0758649
0.0754761
0.0750802
0.0746774
0.0742678
0.0738517
0.0734292
0.0730004
0.0725656
0.0721248
0.0716783
0.0712263
0.0707688
0.0703061
0.0698383
0.0693657
0.0688883
0.0684063
0.0679199
0.0674292
0.0669345
0.0664359
0.0659335
0.0654275
0.0649181
0.0644055
0.0638897
0.063371
0.0628494
0.0623253
0.0617987
0.0612697
0.0607385
0.0602054
0.0596704
0.0591336
0.0585953
0.0580555
0.0575144
0.0569722
0.056429
0.055885
0.0553402
0.0547948
0.0542489
0.0537028
0.0531564
0.05261
0.0520637
0.0515175
0.0509717
0.0504262
0.0498814
0.0493372
0.0487938
0.0482513
0.0477098
0.0471694
0.0466303
0.0460925
0.0455562
0.0450213
0.0444881
0.0439567
0.0434271
0.0428994
0.0423737
0.0418502
0.0413288
0.0408097
0.040293
0.0397787
0.0392669
0.0387577
0.0382511
0.0377473
0.0372464
0.0367483
0.0362531
0.0357609
0.0352718
0.0347859
0.0343031
0.0338235
0.0333473
0.0328744
0.0324048
0.0319388
0.0314762
0.0310171
0.0305616
0.0301097
0.0296615
0.0292169
0.0287761
0.028339
0.0279056
0.0274761
0.0270505
0.0266286
0.0262107
0.0257967
0.0253866
0.0249804
0.0245782
0.02418
0.0237857
0.0233954
0.0230092
0.022627
0.0222488
0.0218746
0.0215045
0.0211384
0.0207763
0.0204183
0.0200643
0.0197143
0.0193684
0.0190265
0.0186886
0.0183547
0.0180248
0.017699
0.0173771
0.0170591
0.0167452
0.0164351
0.016129
0.0158268
0.0155285
0.0152341
0.0149435
0.0146568
0.0143739
0.0140947
0.0138194
0.0135477
0.0132798
0.0130156
0.0127551
0.0124982
0.0122449
0.0119952
0.0117491
0.0115065
0.0112674
0.0110318
0.0107996
0.0105708
0.0103454
0.0101233
0.00990455
0.00968906
0.00947682
0.00926778
0.00906192
0.0088592
0.00865957
0.00846301
0.00826948
0.00807894
0.00789136
0.00770669
0.00752491
0.00734596
0.00716983
0.00699645
0.0068258
0.00665784
0.00649253
0.00632983
0.0061697
0.00601209
0.00585698
0.00570432
0.00555406
0.00540618
0.00526062
0.00511735
0.00497633
0.00483751
0.00470085
0.00456633
0.00443387
0.00430347
0.00417506
0.0040486
0.00392406
0.00380139
0.00368055
0.00356151
0.0034442
0.00332859
0.00321465
0.00310233
0.00299158
0.00288236
0.00277464
0.00266835
0.00256347
0.00245995
0.00235774
0.0022568
0.00215708
0.00205854
0.00196115
0.00186484
0.00176958
0.00167533
0.00158202
0.00148963
0.0013981
0.00130738
0.00121743
0.00112821
0.00103966
0.000951739
0.000864391
0.000777577
0.000691236
0.000605331
0.000519808
0.000434602
0.000349677
0.000264974
0.000180447
9.60362e-05
1.16852e-05
0
