402
0
0.00599948
0.0119826
0.018008
0.0240594
0.0301207
0.0361756
0.0422081
0.0482022
0.0541421
0.0600123
0.0657976
0.0714832
0.0770547
0.0824981
0.0878003
0.0929484
0.0979302
0.102734
0.10735
0.111768
0.115978
0.119972
0.123743
0.127283
0.130588
0.133652
0.136471
0.139042
0.141362
0.143431
0.145248
0.146812
0.148125
0.149189
0.150006
0.15058
0.150916
0.151017
0.150889
0.150538
0.149971
0.149195
0.148217
0.147046
0.145689
0.144156
0.142455
0.140596
0.138587
0.13644
0.134163
0.131766
0.129259
0.126652
0.123955
0.121176
0.118327
0.115415
0.112451
0.109442
0.106399
0.10333
0.100241
0.0971428
0.0940413
0.090944
0.0878578
0.0847892
0.0817445
0.0787292
0.0757489
0.0728085
0.0699127
0.0670657
0.0642713
0.0615331
0.0588543
0.0562376
0.0536854
0.0511999
0.0487829
0.0464357
0.0441596
0.0419555
0.039824
0.0377654
0.0357798
0.0338672
0.0320271
0.030259
0.0285623
0.026936
0.0253791
0.0238904
0.0224686
0.0211123
0.0198199
0.0185899
0.0174206
0.0163101
0.0152569
0.0142589
0.0133143
0.0124213
0.0115779
0.0107823
0.0100325
0.00932656
0.00866273
0.00803909
0.00745382
0.00690513
0.00639126
0.00591048
0.00546113
0.00504156
0.0046502
0.00428552
0.00394603
0.00363031
0.00333697
0.0030647
0.00281224
0.00257836
0.00236191
0.00216179
0.00197694
0.00180635
0.00164908
0.00150422
0.00137092
0.00124838
0.00113583
0.00103256
0.000937871
0.000851159
0.000771805
0.00069927
0.000633014
0.00057256
0.000517438
0.000467235
0.000421546
0.000380009
0.000342276
0.000308037
0.00027699
0.000248864
0.000223411
0.00020039
0.000179591
0.000160822
0.000143891
0.000128639
0.000114907
0.000102554
9.1456e-05
8.14891e-05
7.2549e-05
6.45363e-05
5.73651e-05
5.09443e-05
4.52042e-05
4.00795e-05
3.55083e-05
3.14282e-05
2.77963e-05
2.45674e-05
2.16905e-05
1.91381e-05
1.68697e-05
1.4857e-05
1.30759e-05
1.14987e-05
1.01044e-05
8.87266e-06
7.78432e-06
6.82427e-06
5.97681e-06
5.23322e-06
4.57232e-06
4.00011e-06
3.49083e-06
3.04461e-06
2.65175e-06
2.30674e-06
2.00836e-06
1.74445e-06
1.51839e-06
1.31542e-06
1.14074e-06
9.85046e-07
8.54716e-07
7.34734e-07
6.35655e-07
5.4724e-07
4.74369e-07
4.11734e-07
3.52801e-07
3.03608e-07
2.61654e-07
2.25238e-07
1.95847e-07
1.67093e-07
1.42912e-07
1.24958e-07
1.06707e-07
8.88991e-08
8.10522e-08
6.78981e-08
5.8293e-08
5.14792e-08
4.10816e-08
3.92325e-08
2.7103e-08
2.73649e-08
2.01277e-08
1.75781e-08
1.61825e-08
1.51894e-08
1.35949e-08
1.09478e-08
7.06366e-09
2.92211e-09
4.88512e-09
1.32171e-09
1.54348e-09
1.76364e-09
-1.39463e-10
1.549e-09
-6.14532e-10
6.23822e-10
1.84096e-09
-1.08944e-09
4.84536e-09
2.17645e-09
2.30967e-09
6.8109e-10
9.35086e-10
1.39551e-09
3.47233e-09
2.66434e-09
2.29125e-09
1.53279e-09
1.18122e-09
3.85568e-10
-4.47384e-10
5.35073e-10
3.73502e-10
3.20351e-09
-1.28285e-09
-8.34795e-10
-3.23891e-10
1.90263e-10
1.54367e-09
1.49188e-09
-8.85314e-11
1.00038e-09
-8.88487e-10
-1.91576e-10
4.30721e-10
1.72552e-09
3.74549e-09
1.25925e-09
2.395e-09
-2.10128e-09
-1.35943e-09
-4.69752e-09
-2.00079e-09
-2.11433e-09
-3.83576e-11
1.04733e-09
-5.37873e-10
5.26538e-10
-6.24254e-09
-2.83358e-09
-2.14289e-09
-2.09077e-09
-6.79217e-13
-1.22401e-09
-1.01174e-09
2.29762e-10
-4.95704e-10
-1.66239e-09
-1.61322e-09
1.56813e-09
3.77425e-10
9.67966e-10
-1.73268e-09
-9.12758e-10
5.22308e-10
-1.15149e-10
4.03741e-09
1.34382e-09
4.11264e-09
2.86077e-09
3.24318e-09
8.19028e-10
-9.21661e-10
2.59018e-10
1.94158e-09
3.49321e-09
2.88344e-09
4.43156e-09
1.93905e-09
4.18169e-09
1.86284e-09
2.50073e-09
6.29188e-10
-2.19665e-10
2.97137e-09
-2.09741e-10
3.32668e-11
-6.19965e-10
1.81225e-09
3.68913e-09
8.29951e-10
3.10041e-09
1.14362e-09
2.17671e-09
1.20461e-09
2.29634e-10
3.21362e-09
1.8882e-09
2.54949e-09
3.2114e-09
2.12136e-09
2.39235e-09
1.07844e-09
4.11622e-09
2.38234e-09
4.66636e-09
2.93369e-09
2.71555e-09
2.29822e-09
3.66427e-10
2.46857e-09
2.75124e-09
2.24803e-09
5.13806e-10
2.07707e-11
3.26458e-10
3.71883e-10
-3.17937e-11
1.77096e-09
1.0512e-09
2.64842e-09
2.43292e-09
-1.2272e-10
5.45684e-10
-9.45785e-10
-3.95588e-10
9.1475e-10
-5.34975e-12
-1.40474e-09
4.88846e-11
2.23956e-10
-6.99218e-10
-1.68321e-10
8.13503e-10
-4.64674e-10
-1.78268e-09
5.31525e-11
-1.68313e-09
-1.56288e-09
-3.66181e-09
-1.25386e-09
-2.25279e-09
-1.98175e-09
4.25282e-10
-2.83905e-09
2.24763e-09
-1.32549e-09
-1.65111e-09
-2.84752e-09
-4.63433e-09
-3.34018e-10
-1.18758e-09
1.15814e-09
2.26134e-09
1.29526e-10
1.59875e-09
-5.7475e-10
2.22691e-10
-1.66711e-09
-2.25579e-09
4.75671e-10
-1.46427e-09
1.18939e-09
-2.62097e-09
8.2281e-10
1.25758e-09
-1.1579e-09
1.07245e-09
-1.37742e-09
1.34946e-09
8.21069e-10
-1.2978e-09
-1.37733e-10
1.40526e-12
0
