402
0
0.000661404
0.00132101
0.00198527
0.0026524
0.00332061
0.00398813
0.00465318
0.00531398
0.00596882
0.00661597
0.00725376
0.00788056
0.00849478
0.00909489
0.00967942
0.010247
0.0107962
0.0113258
0.0118347
0.0123217
0.0127858
0.0132261
0.0136418
0.0140322
0.0143965
0.0147343
0.015045
0.0153285
0.0155843
0.0158124
0.0160126
0.016185
0.0163298
0.0164471
0.0165372
0.0166005
0.0166375
0.0166486
0.0166345
0.0165959
0.0165333
0.0164478
0.01634
0.0162108
0.0160613
0.0158922
0.0157047
0.0154997
0.0152784
0.0150416
0.0147906
0.0145264
0.01425
0.0139626
0.0136652
0.0133589
0.0130447
0.0127238
0.012397
0.0120653
0.0117298
0.0113914
0.011051
0.0107094
0.0103674
0.010026
0.00968575
0.00934747
0.0090118
0.00867939
0.00835083
0.00802667
0.00770742
0.00739356
0.0070855
0.00678363
0.00648831
0.00619983
0.00591847
0.00564446
0.005378
0.00511924
0.00486832
0.00462533
0.00439034
0.00416339
0.0039445
0.00373364
0.00353078
0.00333586
0.00314881
0.00296952
0.00279788
0.00263376
0.00247702
0.00232749
0.00218502
0.00204942
0.0019205
0.00179809
0.00168197
0.00157195
0.00146782
0.00136937
0.00127639
0.00118868
0.00110601
0.00102819
0.00095501
0.000886258
0.000821736
0.000761246
0.000704595
0.000651592
0.000602054
0.0005558
0.000512655
0.000472451
0.000435024
0.000400218
0.000367879
0.000337864
0.000310031
0.000284248
0.000260386
0.000238323
0.000217944
0.000199138
0.0001818
0.000165831
0.000151136
0.000137626
0.000125218
0.000113833
0.000103394
9.38348e-05
8.50865e-05
7.709e-05
6.97858e-05
6.31211e-05
5.70442e-05
5.15097e-05
4.64727e-05
4.18936e-05
3.77338e-05
3.39591e-05
3.05364e-05
2.74357e-05
2.46296e-05
2.20918e-05
1.97987e-05
1.77295e-05
1.58631e-05
1.41816e-05
1.26678e-05
1.13059e-05
1.00824e-05
8.98364e-06
7.99806e-06
7.11471e-06
6.32413e-06
5.61629e-06
4.98347e-06
4.41851e-06
3.91456e-06
3.46476e-06
3.06436e-06
2.7084e-06
2.39124e-06
2.10985e-06
1.85977e-06
1.63789e-06
1.44153e-06
1.26765e-06
1.11395e-06
9.78153e-07
8.58171e-07
7.52331e-07
6.58904e-07
5.76929e-07
5.04069e-07
4.40986e-07
3.84842e-07
3.35648e-07
2.92338e-07
2.54303e-07
2.21408e-07
1.92314e-07
1.67392e-07
1.45016e-07
1.25759e-07
1.08595e-07
9.4227e-08
8.09997e-08
7.00769e-08
6.03297e-08
5.22961e-08
4.5391e-08
3.88941e-08
3.34708e-08
2.88457e-08
2.48311e-08
2.15909e-08
1.84209e-08
1.57551e-08
1.37758e-08
1.17637e-08
9.80055e-09
8.93548e-09
7.48533e-09
6.42642e-09
5.67525e-09
4.52898e-09
4.32513e-09
2.98793e-09
3.0168e-09
2.21894e-09
1.93787e-09
1.78402e-09
1.67454e-09
1.49875e-09
1.20692e-09
7.78723e-10
3.22144e-10
5.38553e-10
1.45711e-10
1.70159e-10
1.9443e-10
-1.53749e-11
1.70767e-10
-6.77482e-11
6.87724e-11
2.02954e-10
-1.20104e-10
5.3417e-10
2.3994e-10
2.54627e-10
7.50857e-11
1.03087e-10
1.53846e-10
3.82802e-10
2.93727e-10
2.52596e-10
1.6898e-10
1.30221e-10
4.25064e-11
-4.93212e-11
5.89884e-11
4.11762e-11
3.53166e-10
-1.41426e-10
-9.20308e-11
-3.57069e-11
2.09752e-11
1.70179e-10
1.6447e-10
-9.76001e-12
1.10285e-10
-9.795e-11
-2.11201e-11
4.74843e-11
1.90228e-10
4.12917e-10
1.38824e-10
2.64033e-10
-2.31653e-10
-1.49868e-10
-5.17871e-10
-2.20574e-10
-2.33091e-10
-4.22868e-12
1.15461e-10
-5.9297e-11
5.80474e-11
-6.88199e-10
-3.12384e-10
-2.36239e-10
-2.30494e-10
-7.48793e-14
-1.3494e-10
-1.11537e-10
2.53298e-11
-5.46482e-11
-1.83268e-10
-1.77847e-10
1.72876e-10
4.16087e-11
1.06712e-10
-1.91017e-10
-1.00626e-10
5.75811e-11
-1.26944e-11
4.45098e-10
1.48147e-10
4.53392e-10
3.15382e-10
3.5754e-10
9.02925e-11
-1.01607e-10
2.85551e-11
2.14047e-10
3.85104e-10
3.1788e-10
4.88551e-10
2.13768e-10
4.61004e-10
2.05366e-10
2.7569e-10
6.9364e-11
-2.42166e-11
3.27575e-10
-2.31226e-11
3.66745e-12
-6.83472e-11
1.99789e-10
4.06703e-10
9.14968e-11
3.418e-10
1.26077e-10
2.39969e-10
1.328e-10
2.53157e-11
3.54281e-10
2.08161e-10
2.81064e-10
3.54037e-10
2.33867e-10
2.63741e-10
1.18892e-10
4.53787e-10
2.62637e-10
5.14436e-10
3.2342e-10
2.99372e-10
2.53363e-10
4.03962e-11
2.72143e-10
3.03307e-10
2.47831e-10
5.66438e-11
2.28983e-12
3.59899e-11
4.09977e-11
-3.50505e-12
1.95237e-10
1.15888e-10
2.91971e-10
2.68214e-10
-1.35291e-11
6.01581e-11
-1.04267e-10
-4.3611e-11
1.00845e-10
-5.89775e-13
-1.54863e-10
5.38921e-12
2.46898e-11
-7.70842e-11
-1.85563e-11
8.96834e-11
-5.12273e-11
-1.96529e-10
5.85972e-12
-1.85554e-10
-1.72297e-10
-4.03691e-10
-1.3823e-10
-2.48356e-10
-2.18475e-10
4.68846e-11
-3.12987e-10
2.47786e-10
-1.46127e-10
-1.82024e-10
-3.13921e-10
-5.10905e-10
-3.68234e-11
-1.30923e-10
1.27677e-10
2.49299e-10
1.42794e-11
1.76252e-10
-6.33625e-11
2.45503e-11
-1.83788e-10
-2.48687e-10
5.24397e-11
-1.61426e-10
1.31122e-10
-2.88945e-10
9.07095e-11
1.3864e-10
-1.27652e-10
1.18231e-10
-1.51851e-10
1.4877e-10
9.05175e-11
-1.43074e-10
-1.51842e-11
1.54921e-13
0
